G1:
  P1: 0.86667
  P2: 0.0
  P3: 1.0
  P4: 0.53333
  P5: 0.0
  P6: 0.0
G2:
  P1: 0.0
  P2: 0.0
  P3: 0.0
  P4: 0.0
  P5: 0.6
  P6: 0.6
G3:
  P1: 0.0
  P2: 0.13333
  P3: 0.13333
  P4: 0.8
  P5: 0.86667
  P6: 0.86667
G4:
  P1: 0.2
  P2: 0.46667
  P3: 0.8
  P4: 0.0
  P5: 1.0
  P6: 1.0