,P1,,,,,,,,,,,,,,,,,P2,,,,,,,,,,,,,,,,,P3,,,,,,,,,,,,,,,,,P4,,,,,,,,,,,,,,,,,P5,,,,,,,,,,,,,,,,,P6,,,,,,,,,,,,,,,,,VOA
sensor conf.,init_x_star,init_score,init_exp_score,actual_x_star,actual_score,actual_exp_score,pred_x_star,pred_grasp_score,pred_exp_score,full_info_g,full_info_score,pose_prev_belief,pose_pred_belief,pose_actual_belief,init_b,pred_b,act_b,init_x_star,init_score,init_exp_score,actual_x_star,actual_score,actual_exp_score,pred_x_star,pred_grasp_score,pred_exp_score,full_info_g,full_info_score,pose_prev_belief,pose_pred_belief,pose_actual_belief,init_b,pred_b,act_b,init_x_star,init_score,init_exp_score,actual_x_star,actual_score,actual_exp_score,pred_x_star,pred_grasp_score,pred_exp_score,full_info_g,full_info_score,pose_prev_belief,pose_pred_belief,pose_actual_belief,init_b,pred_b,act_b,init_x_star,init_score,init_exp_score,actual_x_star,actual_score,actual_exp_score,pred_x_star,pred_grasp_score,pred_exp_score,full_info_g,full_info_score,pose_prev_belief,pose_pred_belief,pose_actual_belief,init_b,pred_b,act_b,init_x_star,init_score,init_exp_score,actual_x_star,actual_score,actual_exp_score,pred_x_star,pred_grasp_score,pred_exp_score,full_info_g,full_info_score,pose_prev_belief,pose_pred_belief,pose_actual_belief,init_b,pred_b,act_b,init_x_star,init_score,init_exp_score,actual_x_star,actual_score,actual_exp_score,pred_x_star,pred_grasp_score,pred_exp_score,full_info_g,full_info_score,pose_prev_belief,pose_pred_belief,pose_actual_belief,init_b,pred_b,act_b
Structure Term Similarity: x0,G2,0.53334,0.4000928623850128,G1,0.0,0.3649430211936211,G4,0.9334,0.5756753042379019,G4,0.9334,0.16676151822835295,0.6167509151895242,0.20775230956004193,[0.16676152 0.16659484 0.16659484 0.16676152 0.16664364 0.16664364],[0.61675092 0.02444925 0.17665294 0.09956126 0.0318824  0.05070323],[0.20775231 0.20868128 0.17408269 0.08934866 0.12340006 0.196735  ],G2,0.0,0.4000928623850128,G3,0.9334,0.4730730798756563,G3,0.9334,0.64281762378032,G3,0.9334,0.166594840063097,0.5570852858453911,0.1735088905863113,[0.16676152 0.16659484 0.16659484 0.16676152 0.16664364 0.16664364],[0.04095729 0.55708529 0.14172634 0.08429192 0.0821957  0.09374346],[0.13356637 0.17350889 0.35897067 0.08265478 0.13004624 0.12125305],G2,0.0,0.4000928623850128,G3,0.8667,0.44737824383640834,G3,0.8667,0.6011335170874315,G3,0.8667,0.166594840063097,0.5942077230378228,0.30186440922533425,[0.16676152 0.16659484 0.16659484 0.16676152 0.16664364 0.16664364],[0.19268206 0.0922795  0.59420772 0.05613536 0.02825382 0.03644154],[0.15658127 0.19900617 0.30186441 0.08165892 0.10141868 0.15947055],G2,0.6667,0.4000928623850128,G3,0.0,0.3774120073468602,G2,0.6667,0.5364517912830153,G2,0.6667,0.16676151822835295,0.617098515960605,0.08632120249832997,[0.16676152 0.16659484 0.16659484 0.16676152 0.16664364 0.16664364],[0.15397205 0.0778165  0.07959167 0.61709852 0.03255797 0.03896329],[0.18733659 0.20930961 0.21004086 0.0863212  0.12066826 0.18632348],G2,0.6,0.4000928623850128,G3,0.0,0.36477417291019143,G1,0.6,0.5644464666928669,G1,0.6,0.1666436417085501,0.7092532802280369,0.20717302116135738,[0.16676152 0.16659484 0.16659484 0.16676152 0.16664364 0.16664364],[0.03142167 0.04835726 0.02552907 0.02074838 0.70925328 0.16469034],[0.16188707 0.17689414 0.23036943 0.08131841 0.20717302 0.14235793],G2,0.6,0.4000928623850128,G1,0.6,0.36622498778195867,G1,0.6,0.5418701579404119,G1,0.6,0.1666436417085501,0.6294971219228497,0.21120624117284634,[0.16676152 0.16659484 0.16659484 0.16676152 0.16664364 0.16664364],[0.05652001 0.06237948 0.03724284 0.02808476 0.18627578 0.62949712],[0.20419031 0.20354385 0.17470694 0.09655959 0.10979307 0.21120624],0.36660198458001575
Structure Term Similarity: x1,G2,0.53334,0.4000928623850128,G2,0.53334,0.40894991940425723,G4,0.9334,0.5789539618295179,G4,0.9334,0.16676151822835295,0.6202635117093613,0.2502097916986912,[0.16676152 0.16659484 0.16659484 0.16676152 0.16664364 0.16664364],[0.62026351 0.04395869 0.17625834 0.09495401 0.02733747 0.03722797],[0.25020979 0.11805045 0.18886254 0.14657723 0.14963161 0.14666838],G2,0.0,0.4000928623850128,G3,0.9334,0.4081621853910241,G3,0.9334,0.6543251771034658,G3,0.9334,0.166594840063097,0.5596385432209023,0.18887471650978643,[0.16676152 0.16659484 0.16659484 0.16676152 0.16664364 0.16664364],[0.06930577 0.55963854 0.15225402 0.11989332 0.04587994 0.0530284 ],[0.13594432 0.18887472 0.26752801 0.12117447 0.16523893 0.12123956],G2,0.0,0.4000928623850128,G3,0.8667,0.4210099068226369,G3,0.8667,0.5861678345011788,G3,0.8667,0.166594840063097,0.5681930300216557,0.28856178467092986,[0.16676152 0.16659484 0.16659484 0.16676152 0.16664364 0.16664364],[0.18325109 0.10040169 0.56819303 0.08531084 0.02926303 0.03358032],[0.14231048 0.18310843 0.28856178 0.1178512  0.15023989 0.11792821],G2,0.6667,0.4000928623850128,G3,0.0,0.3980866491952656,G2,0.6667,0.4960265884744626,G2,0.6667,0.16676151822835295,0.5665698206781683,0.12513622607333416,[0.16676152 0.16659484 0.16659484 0.16676152 0.16664364 0.16664364],[0.1330274  0.10653643 0.11495693 0.56656982 0.03577234 0.04313709],[0.16841532 0.17733382 0.26833191 0.12513623 0.13557409 0.12520864],G2,0.6,0.4000928623850128,G3,0.0,0.3697412857630622,G2,0.6,0.561865611057778,G1,0.6,0.1666436417085501,0.6449245655547632,0.17003687112353627,[0.16676152 0.16659484 0.16659484 0.16676152 0.16664364 0.16664364],[0.03024606 0.0321965  0.03114102 0.02825075 0.64492457 0.2332411 ],[0.15824322 0.18101883 0.23165837 0.12947988 0.17003687 0.12956283],G2,0.6,0.4000928623850128,G2,0.6,0.3718096763276955,G2,0.6,0.5492408480950784,G1,0.6,0.1666436417085501,0.5623690649264451,0.13870801836858898,[0.16676152 0.16659484 0.16659484 0.16676152 0.16664364 0.16664364],[0.04725585 0.04269432 0.04099908 0.03908492 0.26759676 0.56236906],[0.19942844 0.1445187  0.22905356 0.13863459 0.1496567  0.13870802],0.36660198458001575
Structure Term Similarity: x2,G2,0.53334,0.4000928623850128,G2,0.53334,0.45783043499386306,G4,0.9334,0.5370387663520999,G4,0.9334,0.16676151822835295,0.5753575812643025,0.21205421391782173,[0.16676152 0.16659484 0.16659484 0.16676152 0.16664364 0.16664364],[0.57535758 0.08453892 0.143926   0.07754844 0.04611315 0.07251592],[0.21205421 0.13396515 0.09903208 0.17637641 0.17015028 0.20842187],G2,0.0,0.4000928623850128,G2,0.0,0.40308691913142436,G3,0.9334,0.6114067574898705,G3,0.9334,0.166594840063097,0.5221522875575765,0.17399750194551641,[0.16676152 0.16659484 0.16659484 0.16676152 0.16664364 0.16664364],[0.11202563 0.52215229 0.14310582 0.05589326 0.07132468 0.09549833],[0.17135383 0.1739975  0.15173393 0.14914875 0.18484948 0.16891652],G2,0.0,0.4000928623850128,G3,0.8667,0.40676310681466443,G3,0.8667,0.6096388359212707,G3,0.8667,0.166594840063097,0.5775735656661283,0.2964795263963227,[0.16676152 0.16659484 0.16659484 0.16676152 0.16664364 0.16664364],[0.15571259 0.11683718 0.57757357 0.05400281 0.03482449 0.06104937],[0.12658053 0.16049314 0.29647953 0.12025636 0.16207107 0.13411937],G2,0.6667,0.4000928623850128,G2,0.6667,0.451370379243372,G2,0.6667,0.5496688897586438,G2,0.6667,0.16676151822835295,0.6065087657468936,0.17626099179674007,[0.16676152 0.16659484 0.16659484 0.16676152 0.16664364 0.16664364],[0.11651039 0.06337097 0.07499347 0.60650877 0.05087543 0.08774098],[0.19993967 0.14487703 0.10022005 0.17626099 0.1731745  0.20552776],G2,0.6,0.4000928623850128,G2,0.6,0.41858568810481206,G1,0.6,0.5468794053868192,G1,0.6,0.1666436417085501,0.6153845557371118,0.2032632765147434,[0.16676152 0.16659484 0.16659484 0.16676152 0.16664364 0.16664364],[0.0497491  0.05806838 0.03472648 0.0365323  0.61538456 0.20553918],[0.16958557 0.15243247 0.14825667 0.15447896 0.20326328 0.17198305],G2,0.6,0.4000928623850128,G2,0.6,0.4517575701329032,G2,0.6,0.5072715857033268,G1,0.6,0.1666436417085501,0.46535866374135987,0.20908406022747356,[0.16676152 0.16659484 0.16659484 0.16676152 0.16664364 0.16664364],[0.08616939 0.08563568 0.06705272 0.06939537 0.22638819 0.46535866],[0.19677976 0.13581382 0.10914109 0.17762903 0.17155223 0.20908406],0.36660198458001575
Structure Term Similarity: x3,G2,0.53334,0.4000928623850128,G2,0.53334,0.4688742224203101,G4,0.9334,0.5711026059511708,G4,0.9334,0.16676151822835295,0.6118519455230028,0.22404238441607363,[0.16676152 0.16659484 0.16659484 0.16676152 0.16664364 0.16664364],[0.61185195 0.06464056 0.14920976 0.07647076 0.03719019 0.06063678],[0.22404238 0.11258455 0.10262175 0.19389302 0.16656956 0.20028874],G2,0.0,0.4000928623850128,G1,0.6,0.39676074391710936,G3,0.9334,0.6427485614648734,G3,0.9334,0.166594840063097,0.5592986567072475,0.18238056368722363,[0.16676152 0.16659484 0.16659484 0.16676152 0.16664364 0.16664364],[0.09271887 0.55929866 0.13926295 0.06459408 0.0603807  0.08374475],[0.13229381 0.18238056 0.19035636 0.14475174 0.21455485 0.13566267],G2,0.0,0.4000928623850128,G3,0.8667,0.41168549144207034,G3,0.8667,0.6177043781492851,G3,0.8667,0.166594840063097,0.5999982802854268,0.2920578493770309,[0.16676152 0.16659484 0.16659484 0.16676152 0.16664364 0.16664364],[0.16083798 0.10465596 0.59999828 0.05438487 0.03052419 0.04959872],[0.12279125 0.16987246 0.29205785 0.12768618 0.16715355 0.12043871],G2,0.6667,0.4000928623850128,G2,0.6667,0.4521567435510973,G2,0.6667,0.5445790559383475,G2,0.6667,0.16676151822835295,0.61534056102058,0.19436741294720666,[0.16676152 0.16659484 0.16659484 0.16676152 0.16664364 0.16664364],[0.11823689 0.06962854 0.07800894 0.61534056 0.04496904 0.07381603],[0.197139   0.13218684 0.11392362 0.19436741 0.16889584 0.19348729],G2,0.6,0.4000928623850128,G1,0.6,0.3890593869189302,G1,0.6,0.55710680537547,G1,0.6,0.1666436417085501,0.656346259805699,0.1983582878294034,[0.16676152 0.16659484 0.16659484 0.16676152 0.16664364 0.16664364],[0.03867796 0.04377946 0.02945018 0.03024762 0.65634626 0.20149852],[0.14427719 0.1723658  0.19056444 0.15054956 0.19835829 0.14388472],G2,0.6,0.4000928623850128,G2,0.6,0.4511213391663479,G2,0.6,0.5212022899947091,G1,0.6,0.1666436417085501,0.49550973822302713,0.1954634442394709,[0.16676152 0.16659484 0.16659484 0.16676152 0.16664364 0.16664364],[0.0752496  0.07245404 0.05710146 0.05924629 0.24043888 0.49550974],[0.1972053  0.12297128 0.12457839 0.19185674 0.16792485 0.19546344],0.36660198458001575
Structure Term Similarity: x4,G2,0.53334,0.4000928623850128,G1,0.0,0.4087441202012742,G4,0.9334,0.5298744474285793,G4,0.9334,0.16676151822835295,0.5676820735253688,0.17375211317127848,[0.16676152 0.16659484 0.16659484 0.16676152 0.16664364 0.16664364],[0.56768207 0.03100092 0.15869766 0.09048421 0.05080797 0.10132717],[0.17375211 0.18688538 0.13186194 0.11832359 0.202681   0.18649598],G2,0.0,0.4000928623850128,G2,0.0,0.3923317542763909,G3,0.9334,0.544979604928335,G3,0.9334,0.166594840063097,0.4410292668081076,0.18332892879026783,[0.16676152 0.16659484 0.16659484 0.16676152 0.16664364 0.16664364],[0.03626942 0.44102927 0.15382818 0.06552059 0.13870667 0.16464587],[0.18694575 0.18332893 0.15595889 0.12543104 0.16544311 0.18289228],G2,0.0,0.4000928623850128,G2,0.0,0.388034155007586,G3,0.8667,0.5644138788233941,G3,0.8667,0.166594840063097,0.5034780602112042,0.1657176297557254,[0.16676152 0.16659484 0.16659484 0.16676152 0.16664364 0.16664364],[0.16558102 0.13718603 0.50347806 0.07932129 0.05059447 0.06383913],[0.1939755  0.17941312 0.16571763 0.12058489 0.1614044  0.17890446],G2,0.6667,0.4000928623850128,G1,0.53334,0.3958557003580496,G2,0.6667,0.5504766509781418,G2,0.6667,0.16676151822835295,0.6816145692966659,0.13914054874633003,[0.16676152 0.16659484 0.16659484 0.16676152 0.16664364 0.16664364],[0.10082168 0.06240119 0.08470926 0.68161457 0.02963028 0.04082303],[0.18541099 0.2040631  0.13937099 0.13914055 0.12790101 0.20411335],G2,0.6,0.4000928623850128,G2,0.6,0.39827797598738274,G1,0.6,0.5423631411596811,G1,0.6,0.1666436417085501,0.7122681940164872,0.16042345663123375,[0.16676152 0.16659484 0.16659484 0.16676152 0.16664364 0.16664364],[0.0477312  0.11137863 0.04555474 0.02498188 0.71226819 0.05808535],[0.20033375 0.18433277 0.14371603 0.12685907 0.16042346 0.18433493],G2,0.6,0.4000928623850128,G1,0.6,0.39141800073431265,G1,0.6,0.4951530491581692,G1,0.6,0.1666436417085501,0.5786087283507921,0.20537887358875115,[0.16676152 0.16659484 0.16659484 0.16676152 0.16664364 0.16664364],[0.1062919  0.14762471 0.06418317 0.03843248 0.06485901 0.57860873],[0.17948229 0.20592869 0.15321531 0.134465   0.12152984 0.20537887],0.36660198458001575
Structure Term Similarity: x5,G2,0.53334,0.4000928623850128,G2,0.53334,0.4035143518291716,G4,0.9334,0.5447314069644524,G4,0.9334,0.16676151822835295,0.5835991075256615,0.2034654433192391,[0.16676152 0.16659484 0.16659484 0.16676152 0.16664364 0.16664364],[0.58359911 0.03571297 0.19007897 0.13446656 0.02477041 0.03137198],[0.20346544 0.11960937 0.20264132 0.15633838 0.1614149  0.15653059],G2,0.0,0.4000928623850128,G3,0.9334,0.4405152548579677,G3,0.9334,0.6481217555362039,G3,0.9334,0.166594840063097,0.5710742115104662,0.19648718284739047,[0.16676152 0.16659484 0.16659484 0.16676152 0.16664364 0.16664364],[0.06603769 0.57107421 0.13278076 0.14583112 0.03555778 0.04871844],[0.10763562 0.19648718 0.29665873 0.112266   0.17456583 0.11238665],G2,0.0,0.4000928623850128,G3,0.8667,0.39408483016791307,G3,0.8667,0.5407964640232579,G3,0.8667,0.166594840063097,0.5400867787553916,0.296143090567941,[0.16676152 0.16659484 0.16659484 0.16676152 0.16664364 0.16664364],[0.20618205 0.07789078 0.54008678 0.11907043 0.02620762 0.03056234],[0.14456155 0.14722264 0.29614309 0.13066852 0.15058222 0.13082198],G2,0.6667,0.4000928623850128,G3,0.0,0.3982984723013304,G2,0.6667,0.47159293696992133,G2,0.6667,0.16676151822835295,0.5083864252415436,0.12833761938707153,[0.16676152 0.16659484 0.16659484 0.16676152 0.16664364 0.16664364],[0.17869024 0.10480232 0.14587259 0.50838643 0.02873279 0.03351563],[0.15275848 0.20422364 0.23961708 0.12833762 0.14657553 0.12848765],G2,0.6,0.4000928623850128,G3,0.0,0.42302906121716255,G2,0.6,0.5687365853719444,G1,0.6,0.1666436417085501,0.6388867055139046,0.16695474001711547,[0.16676152 0.16659484 0.16659484 0.16676152 0.16664364 0.16664364],[0.02950888 0.02290806 0.02878262 0.02575792 0.63888671 0.25415582],[0.12789488 0.18592753 0.28785544 0.1156235  0.16695474 0.11574392],G2,0.6,0.4000928623850128,G2,0.6,0.4038499767694024,G2,0.6,0.5566252838602719,G1,0.6,0.1666436417085501,0.5751105690962621,0.16527040171044816,[0.16676152 0.16659484 0.16659484 0.16676152 0.16664364 0.16664364],[0.04108259 0.03450193 0.03689655 0.03302758 0.27938077 0.57511057],[0.17306789 0.12617244 0.19986635 0.16506685 0.17055607 0.1652704 ],0.36660198458001575
IoU Similarity: x0,G2,0.53334,0.4000928623850128,G2,0.53334,0.39788024512794457,G2,0.53334,0.39632447338623067,G4,0.9334,0.16676151822835295,0.24913386660137804,0.17000853668702987,[0.16676152 0.16659484 0.16659484 0.16676152 0.16664364 0.16664364],[0.24913387 0.15984582 0.1707674  0.16941032 0.12458342 0.12625917],[0.17000854 0.16856234 0.16740998 0.16186518 0.16423465 0.1679193 ],G2,0.0,0.4000928623850128,G2,0.0,0.39720326572732184,G1,0.6,0.40231947175098604,G3,0.9334,0.166594840063097,0.25862715689042964,0.1659226221511676,[0.16676152 0.16659484 0.16659484 0.16676152 0.16664364 0.16664364],[0.16626898 0.25862716 0.14665497 0.14890723 0.14035336 0.1391883 ],[0.17008128 0.16592262 0.17116814 0.16184922 0.16591979 0.16505894],G2,0.0,0.4000928623850128,G2,0.0,0.39435681072432993,G2,0.0,0.3650821416212231,G3,0.8667,0.166594840063097,0.251017218230207,0.1737386151457465,[0.16676152 0.16659484 0.16659484 0.16676152 0.16664364 0.16664364],[0.17240279 0.14233974 0.25101722 0.18873597 0.12237508 0.1231292 ],[0.16368925 0.16891024 0.17373862 0.16278331 0.1629153  0.16796329],G2,0.6667,0.4000928623850128,G2,0.6667,0.3964066851847981,G2,0.6667,0.40433268688759616,G2,0.6667,0.16676151822835295,0.25292304800342785,0.1628912409809286,[0.16676152 0.16659484 0.16659484 0.16676152 0.16664364 0.16664364],[0.17198695 0.14533208 0.18978897 0.25292305 0.12000789 0.11996106],[0.1646469  0.1693455  0.16979249 0.16289124 0.16491776 0.16840611],G2,0.6,0.4000928623850128,G2,0.6,0.40024911738137725,G2,0.6,0.43330187621468075,G1,0.6,0.1666436417085501,0.26910736325587753,0.17078072235570088,[0.16676152 0.16659484 0.16659484 0.16676152 0.16664364 0.16664364],[0.13476194 0.1459553  0.13111749 0.12786779 0.26910736 0.19119011],[0.17222465 0.16488238 0.16681802 0.16116722 0.17078072 0.16412701],G2,0.6,0.4000928623850128,G2,0.6,0.39565139182619136,G2,0.6,0.43364595913621884,G1,0.6,0.1666436417085501,0.2687420893615311,0.17118840453526868,[0.16676152 0.16659484 0.16659484 0.16676152 0.16664364 0.16664364],[0.13638922 0.14454727 0.13174642 0.1276444  0.1909306  0.26874209],[0.1618986  0.1702558  0.17059802 0.16425561 0.16180356 0.1711884 ],0.09995690403785819
IoU Similarity: x1,G2,0.53334,0.4000928623850128,G2,0.53334,0.3993391628655627,G2,0.53334,0.3909396547091463,G4,0.9334,0.16676151822835295,0.24829652320021095,0.16705856877017314,[0.16676152 0.16659484 0.16659484 0.16676152 0.16664364 0.16664364],[0.24829652 0.16670179 0.17303215 0.16988708 0.12093485 0.1211476 ],[0.16705857 0.16505817 0.16938612 0.16704445 0.1645122  0.16694048],G2,0.0,0.4000928623850128,G2,0.0,0.39495676034187,G1,0.6,0.39414959639413155,G3,0.9334,0.166594840063097,0.25935746002495025,0.1694450327110677,[0.16676152 0.16659484 0.16659484 0.16676152 0.16664364 0.16664364],[0.17447651 0.25935746 0.15153341 0.15368215 0.130167   0.13078347],[0.16240881 0.16944503 0.17230388 0.16240301 0.17114525 0.16229401],G2,0.0,0.4000928623850128,G2,0.0,0.3948032073094216,G2,0.0,0.3611383426544808,G3,0.8667,0.166594840063097,0.25219279438542586,0.1727300198512612,[0.16676152 0.16659484 0.16659484 0.16676152 0.16664364 0.16664364],[0.17609922 0.14734735 0.25219279 0.18892359 0.11781024 0.11762681],[0.16222045 0.16927464 0.17273002 0.16221315 0.17145595 0.16210579],G2,0.6667,0.4000928623850128,G2,0.6667,0.39335002815907416,G2,0.6667,0.40253510334579784,G2,0.6667,0.16676151822835295,0.25241420958394406,0.16359748994376996,[0.16676152 0.16659484 0.16659484 0.16676152 0.16664364 0.16664364],[0.17270444 0.14926909 0.18871165 0.25241421 0.1187561  0.11814451],[0.16360759 0.16990162 0.17452479 0.16359749 0.16487657 0.16349195],G2,0.6,0.4000928623850128,G2,0.6,0.395244486784149,G2,0.6,0.44272377449209066,G1,0.6,0.1666436417085501,0.27015842083481245,0.17108684814648586,[0.16676152 0.16659484 0.16659484 0.16676152 0.16664364 0.16664364],[0.13176909 0.13550841 0.12612886 0.12728429 0.27015842 0.20915093],[0.16258833 0.16937828 0.17189105 0.16258208 0.17108685 0.16247341],G2,0.6,0.4000928623850128,G2,0.6,0.3977823502494019,G2,0.6,0.44240078077077305,G1,0.6,0.1666436417085501,0.27015256158756656,0.16584551812238227,[0.16676152 0.16659484 0.16659484 0.16676152 0.16664364 0.16664364],[0.13199803 0.13614723 0.12592975 0.12662603 0.2091464  0.27015256],[0.16596283 0.16730199 0.16973715 0.1659507  0.16520182 0.16584552],0.09995690403785819
IoU Similarity: x2,G2,0.53334,0.4000928623850128,G2,0.53334,0.39954609232297417,G2,0.53334,0.39167119486345103,G4,0.9334,0.16676151822835295,0.24846714206477102,0.17086095939275892,[0.16676152 0.16659484 0.16659484 0.16676152 0.16664364 0.16664364],[0.24846714 0.17604755 0.16087392 0.15572556 0.12658108 0.13230475],[0.17086096 0.16255282 0.17105925 0.16646062 0.16044022 0.16862614],G2,0.0,0.4000928623850128,G2,0.0,0.3961945683044726,G1,0.6,0.3919367070409656,G3,0.9334,0.166594840063097,0.2499580176099885,0.16552542022348374,[0.16676152 0.16659484 0.16659484 0.16676152 0.16664364 0.16664364],[0.17745845 0.24995802 0.15301483 0.1467045  0.13231401 0.14055018],[0.16877939 0.16552542 0.17343986 0.1622874  0.16661135 0.16335657],G2,0.0,0.4000928623850128,G2,0.0,0.39601918245509893,G3,0.8667,0.36685035253193987,G3,0.8667,0.166594840063097,0.2550951659470835,0.17427370467188588,[0.16676152 0.16659484 0.16659484 0.16676152 0.16664364 0.16664364],[0.16549599 0.1561596  0.25509517 0.17555049 0.12247531 0.12522344],[0.16857705 0.16500124 0.1742737  0.16224135 0.16632641 0.16358024],G2,0.6667,0.4000928623850128,G2,0.6667,0.39788133807833503,G2,0.6667,0.4086354680657322,G2,0.6667,0.16676151822835295,0.2590887616216227,0.16604010718262927,[0.16676152 0.16659484 0.16659484 0.16676152 0.16664364 0.16664364],[0.16238261 0.15175966 0.17794255 0.25908876 0.12405882 0.1247676 ],[0.16733741 0.16437542 0.17235595 0.16604011 0.16206404 0.16782707],G2,0.6,0.4000928623850128,G2,0.6,0.39842019807529716,G2,0.6,0.438398825482968,G1,0.6,0.1666436417085501,0.2660772514968235,0.16952960632594918,[0.16676152 0.16659484 0.16659484 0.16676152 0.16664364 0.16664364],[0.13574435 0.14076417 0.12767317 0.12758541 0.26607725 0.20215566],[0.16853182 0.16471053 0.17063891 0.16288143 0.16952961 0.16370771],G2,0.6,0.4000928623850128,G2,0.6,0.39900325930974273,G2,0.6,0.43412970879635093,G1,0.6,0.1666436417085501,0.26124580590679425,0.1698073408801203,[0.16676152 0.16659484 0.16659484 0.16676152 0.16664364 0.16664364],[0.13930605 0.14681123 0.12816762 0.12598439 0.1984849  0.26124581],[0.16647707 0.16348904 0.17163566 0.16754788 0.16104301 0.16980734],0.24434465192054433
IoU Similarity: x3,G2,0.53334,0.4000928623850128,G2,0.53334,0.4033546866272696,G2,0.53334,0.3912834162967834,G4,0.9334,0.16676151822835295,0.2483205717757549,0.1738329790982997,[0.16676152 0.16659484 0.16659484 0.16676152 0.16664364 0.16664364],[0.24832057 0.17339519 0.16474405 0.16071973 0.12486285 0.12795762],[0.17383298 0.16218928 0.1649586  0.16838262 0.16161608 0.16902044],G2,0.0,0.4000928623850128,G2,0.0,0.39556223624283937,G1,0.6,0.39235734616091744,G3,0.9334,0.166594840063097,0.2527127200012551,0.16842184878616073,[0.16676152 0.16659484 0.16659484 0.16676152 0.16664364 0.16664364],[0.17681538 0.25271272 0.15262856 0.14965933 0.13138758 0.13679644],[0.16519111 0.16842185 0.17190182 0.16144048 0.17142239 0.16162235],G2,0.0,0.4000928623850128,G2,0.0,0.39461915269869996,G3,0.8667,0.36354040310824626,G3,0.8667,0.166594840063097,0.25414640054841536,0.17452942757707707,[0.16676152 0.16659484 0.16659484 0.16676152 0.16664364 0.16664364],[0.16894665 0.15349445 0.2541464  0.18061902 0.1210364  0.12175708],[0.16605489 0.16731711 0.17452943 0.16186346 0.1680588  0.16217632],G2,0.6667,0.4000928623850128,G2,0.6667,0.3993783928625014,G2,0.6667,0.40595307892794924,G2,0.6667,0.16676151822835295,0.2564647005572313,0.16636747500834673,[0.16676152 0.16659484 0.16659484 0.16676152 0.16664364 0.16664364],[0.16599083 0.15157784 0.18190244 0.2564647  0.12200251 0.12206168],[0.17084245 0.16397839 0.16990488 0.16636748 0.1620984  0.16680841],G2,0.6,0.4000928623850128,G2,0.6,0.3960371436101367,G2,0.6,0.4396404598998075,G1,0.6,0.1666436417085501,0.2676519009102329,0.17114337579248712,[0.16676152 0.16659484 0.16659484 0.16676152 0.16664364 0.16664364],[0.13477367 0.1390731  0.1273937  0.12750455 0.2676519  0.20360308],[0.16549516 0.16745364 0.17208662 0.16181717 0.17114338 0.16200404],G2,0.6,0.4000928623850128,G2,0.6,0.4008982031084653,G2,0.6,0.4371416665291389,G1,0.6,0.1666436417085501,0.2650317869695458,0.16820789815431483,[0.16676152 0.16659484 0.16659484 0.16676152 0.16664364 0.16664364],[0.13676205 0.14338088 0.12689772 0.12631761 0.20160996 0.26503179],[0.17048944 0.16402837 0.16750335 0.16764712 0.16212381 0.1682079 ],0.24434465192054433
IoU Similarity: x4,G2,0.53334,0.4000928623850128,G2,0.53334,0.40325428165124144,G2,0.53334,0.39039811993049883,G4,0.9334,0.16676151822835295,0.24995714109713435,0.16732585596925637,[0.16676152 0.16659484 0.16659484 0.16676152 0.16664364 0.16664364],[0.24995714 0.16916394 0.16997094 0.1580389  0.12349526 0.12937381],[0.16732586 0.16742695 0.15993007 0.16225539 0.17560926 0.16745247],G2,0.0,0.4000928623850128,G2,0.0,0.4030443066616059,G1,0.6,0.39628872483284977,G3,0.9334,0.166594840063097,0.25436643891082156,0.16569861113142278,[0.16676152 0.16659484 0.16659484 0.16676152 0.16664364 0.16664364],[0.17249267 0.25436644 0.1514451  0.1402432  0.14156448 0.1398881 ],[0.17065028 0.16569861 0.16168011 0.16262503 0.17360545 0.16574051],G2,0.0,0.4000928623850128,G2,0.0,0.4007910637783073,G3,0.8667,0.3612768652716123,G3,0.8667,0.166594840063097,0.2539858326389417,0.16294695484339786,[0.16676152 0.16659484 0.16659484 0.16676152 0.16664364 0.16664364],[0.17305622 0.1512185  0.25398583 0.17319976 0.12539161 0.12314808],[0.16754938 0.1686746  0.16294695 0.16391061 0.16821889 0.16869956],G2,0.6667,0.4000928623850128,G2,0.6667,0.4013597771259438,G2,0.6667,0.41162105551483374,G2,0.6667,0.16676151822835295,0.26386181437431006,0.1643208063060361,[0.16676152 0.16659484 0.16659484 0.16676152 0.16664364 0.16664364],[0.16683032 0.14518775 0.17957495 0.26386181 0.12176363 0.12278154],[0.16743535 0.16861297 0.162119   0.16432081 0.16883558 0.1686763 ],G2,0.6,0.4000928623850128,G2,0.6,0.40306925075847805,G1,0.6,0.42677378773185104,G1,0.6,0.1666436417085501,0.27773623636808914,0.17305492049831278,[0.16676152 0.16659484 0.16659484 0.16676152 0.16664364 0.16664364],[0.13741416 0.15448014 0.13703678 0.1283476  0.27773624 0.16498509],[0.17172917 0.16535799 0.16185523 0.16258847 0.17305492 0.16541421],G2,0.6,0.4000928623850128,G2,0.6,0.39950201121368656,G2,0.6,0.4272705586099769,G1,0.6,0.1666436417085501,0.27681366005285934,0.17097003717986425,[0.16676152 0.16659484 0.16659484 0.16676152 0.16664364 0.16664364],[0.14347708 0.15214374 0.13413782 0.12899065 0.16443705 0.27681366],[0.16462122 0.17094681 0.16324971 0.16482122 0.16539099 0.17097004],0.24434465192054433
IoU Similarity: x5,G2,0.53334,0.4000928623850128,G2,0.53334,0.39609067043645335,G2,0.53334,0.396415472643432,G4,0.9334,0.16676151822835295,0.24939635337190985,0.16500039309612294,[0.16676152 0.16659484 0.16659484 0.16676152 0.16664364 0.16664364],[0.24939635 0.15089298 0.18099847 0.18253527 0.11779652 0.1183804 ],[0.16500039 0.16601609 0.17384249 0.16498867 0.1652686  0.16488376],G2,0.0,0.4000928623850128,G2,0.0,0.39482978607140545,G1,0.6,0.4018945451799366,G3,0.9334,0.166594840063097,0.2708007570085159,0.16916522727502992,[0.16676152 0.16659484 0.16659484 0.16676152 0.16664364 0.16664364],[0.16417136 0.27080076 0.14892456 0.15373386 0.13137979 0.13098967],[0.16246337 0.16916523 0.17279542 0.16245852 0.17076892 0.16234854],G2,0.0,0.4000928623850128,G2,0.0,0.39408744443483507,G2,0.0,0.3688208352242799,G3,0.8667,0.166594840063097,0.24991000059242335,0.17397388667283065,[0.16676152 0.16659484 0.16659484 0.16676152 0.16664364 0.16664364],[0.18173435 0.13743587 0.24991    0.20004152 0.11555407 0.11532419],[0.16223149 0.16922385 0.17397389 0.16222549 0.17022847 0.16211681],G2,0.6667,0.4000928623850128,G2,0.6667,0.3923521994852334,G2,0.6667,0.4006537011935732,G2,0.6667,0.16676151822835295,0.24876556667025942,0.16249022838605462,[0.16676152 0.16659484 0.16659484 0.16676152 0.16664364 0.16664364],[0.1820736  0.14094229 0.1987276  0.24876557 0.11499386 0.11449708],[0.16249816 0.17026711 0.17582251 0.16249023 0.16653869 0.1623833 ],G2,0.6,0.4000928623850128,G2,0.6,0.3947821889821401,G2,0.6,0.44502683723459685,G1,0.6,0.1666436417085501,0.27243617197378844,0.17064987827240635,[0.16676152 0.16659484 0.16659484 0.16676152 0.16664364 0.16664364],[0.12886094 0.13209581 0.12589601 0.12611401 0.27243617 0.21459704],[0.1624768  0.16894439 0.17309553 0.16247144 0.17064988 0.16236196],G2,0.6,0.4000928623850128,G2,0.6,0.3944064569212432,G2,0.6,0.445248617850586,G1,0.6,0.1666436417085501,0.2725857652255218,0.16401677517272992,[0.16676152 0.16659484 0.16659484 0.16676152 0.16664364 0.16664364],[0.12957078 0.13177588 0.12571455 0.12563814 0.21471488 0.27258577],[0.16413279 0.16713299 0.17553281 0.16412335 0.16506129 0.16401678],0.09995690403785819
Contour Match Similarity: x0,G2,0.53334,0.4000928623850128,G2,0.53334,0.39894701605448224,G2,0.53334,0.42600040546037576,G4,0.9334,0.16676151822835295,0.3394148056961949,0.19141097675235355,[0.16676152 0.16659484 0.16659484 0.16676152 0.16664364 0.16664364],[0.33941481 0.13266379 0.13492631 0.13762897 0.12773995 0.12762618],[0.19141098 0.16478172 0.16682795 0.16000412 0.15198559 0.16498964],G2,0.0,0.4000928623850128,G2,0.0,0.3997135655776922,G3,0.9334,0.43309929168398364,G3,0.9334,0.166594840063097,0.3423365455927823,0.16665603877102447,[0.16676152 0.16659484 0.16659484 0.16676152 0.16664364 0.16664364],[0.13407366 0.34233655 0.13102845 0.13171747 0.13048645 0.13035742],[0.16788785 0.16665604 0.1669952  0.16635255 0.16539167 0.16671669],G2,0.0,0.4000928623850128,G2,0.0,0.39862626688035196,G3,0.8667,0.40791308663236453,G3,0.8667,0.166594840063097,0.33327416860837256,0.1681655869309629,[0.16676152 0.16659484 0.16659484 0.16676152 0.16664364 0.16664364],[0.13275048 0.12755985 0.33327417 0.15618953 0.12520102 0.12502495],[0.17110832 0.1668482  0.16816559 0.16552656 0.16140138 0.16694994],G2,0.6667,0.4000928623850128,G2,0.6667,0.39872834844632926,G2,0.6667,0.44329426010467254,G2,0.6667,0.16676151822835295,0.3324587069584449,0.16407537284050924,[0.16676152 0.16659484 0.16659484 0.16676152 0.16664364 0.16664364],[0.13480835 0.12766129 0.15549606 0.33245871 0.1248753  0.12470029],[0.17687495 0.16633926 0.1677024  0.16407537 0.15853375 0.16647427],G2,0.6,0.4000928623850128,G2,0.6,0.4000780068977337,G2,0.6,0.44430158218869115,G1,0.6,0.1666436417085501,0.34304707943537155,0.16657490126223978,[0.16676152 0.16659484 0.16659484 0.16676152 0.16664364 0.16664364],[0.12928968 0.13068071 0.12879694 0.12903477 0.34304708 0.13915083],[0.16756469 0.16646996 0.16659957 0.16626071 0.1665749  0.16653017],G2,0.6,0.4000928623850128,G2,0.6,0.391556575215588,G2,0.6,0.44438904999384854,G1,0.6,0.1666436417085501,0.3432552061855702,0.17053610733528107,[0.16676152 0.16659484 0.16659484 0.16676152 0.16664364 0.16664364],[0.1292529  0.13063069 0.12869384 0.1289321  0.13923525 0.34325521],[0.17387437 0.17000706 0.17591749 0.16044629 0.14921868 0.17053611],0.2998873715975809
Contour Match Similarity: x1,G2,0.53334,0.4000928623850128,G2,0.53334,0.3957230231391937,G2,0.53334,0.4240259552043027,G4,0.9334,0.16676151822835295,0.3349653061132797,0.16663647041162177,[0.16676152 0.16659484 0.16659484 0.16676152 0.16664364 0.16664364],[0.33496531 0.13745345 0.13397822 0.1381371  0.12786852 0.12759741],[0.16663647 0.16864732 0.17182544 0.16663662 0.15973547 0.16651868],G2,0.0,0.4000928623850128,G2,0.0,0.3998809317665021,G1,0.6,0.42925700409299966,G3,0.9334,0.166594840063097,0.33649523518368873,0.1666659659131406,[0.16676152 0.16659484 0.16659484 0.16676152 0.16664364 0.16664364],[0.13835769 0.33649524 0.13143618 0.13301335 0.13058346 0.13011407],[0.16609916 0.16666597 0.16687689 0.16609919 0.16827705 0.16598175],G2,0.0,0.4000928623850128,G2,0.0,0.39872486138141966,G3,0.8667,0.4082923771332877,G3,0.8667,0.166594840063097,0.33159746180527744,0.16797739093984068,[0.16676152 0.16659484 0.16659484 0.16676152 0.16664364 0.16664364],[0.13289669 0.1295231  0.33159746 0.15412651 0.12609017 0.12576607],[0.16642445 0.16749227 0.16797739 0.1664245  0.16537458 0.16630681],G2,0.6667,0.4000928623850128,G2,0.6667,0.3990451714260738,G2,0.6667,0.44299823786922254,G2,0.6667,0.16676151822835295,0.32996506541199505,0.1654394136953036,[0.16676152 0.16659484 0.16659484 0.16676152 0.16664364 0.16664364],[0.13607504 0.13017144 0.15306135 0.32996507 0.12552169 0.12520542],[0.16543933 0.16689578 0.16803997 0.16543941 0.16886311 0.16532239],G2,0.6,0.4000928623850128,G2,0.6,0.3998807373442282,G2,0.6,0.4457644861116555,G1,0.6,0.1666436417085501,0.33471581872555833,0.16833841471446284,[0.16676152 0.16659484 0.16659484 0.16676152 0.16664364 0.16664364],[0.12795411 0.12981686 0.12720139 0.12750912 0.33471582 0.1528027 ],[0.16607859 0.16667456 0.16686862 0.16607862 0.16833841 0.1659612 ],G2,0.6,0.4000928623850128,G2,0.6,0.3972313947707596,G2,0.6,0.44602386206253253,G1,0.6,0.1666436417085501,0.33518043526139535,0.1664559765838827,[0.16676152 0.16659484 0.16659484 0.16676152 0.16664364 0.16664364],[0.12786005 0.12952977 0.12705055 0.12736439 0.15301481 0.33518044],[0.16657372 0.16829006 0.16966873 0.16657381 0.1624377  0.16645598],0.24434465192054433
Contour Match Similarity: x2,G2,0.53334,0.4000928623850128,G2,0.53334,0.39660877253641935,G2,0.53334,0.4204630030219397,G4,0.9334,0.16676151822835295,0.33124551230456695,0.1702233872817466,[0.16676152 0.16659484 0.16659484 0.16676152 0.16664364 0.16664364],[0.33124551 0.14354234 0.13390333 0.13510094 0.1282071  0.12800078],[0.17022339 0.16664451 0.17206301 0.16762179 0.15552061 0.1679267 ],G2,0.0,0.4000928623850128,G2,0.0,0.3988998944582732,G3,0.9334,0.42585161445944475,G3,0.9334,0.166594840063097,0.33419212536344106,0.16704432809076555,[0.16676152 0.16659484 0.16659484 0.16676152 0.16664364 0.16664364],[0.14510916 0.33419213 0.13143727 0.12673625 0.13128136 0.13124382],[0.16760396 0.16704433 0.16801281 0.1665166  0.16413838 0.16668392],G2,0.0,0.4000928623850128,G2,0.0,0.3977552276943651,G3,0.8667,0.41895135907997033,G3,0.8667,0.166594840063097,0.33956047291958347,0.1694894113596673,[0.16676152 0.16659484 0.16659484 0.16676152 0.16664364 0.16664364],[0.13753939 0.13354864 0.33956047 0.12972389 0.12997238 0.12965523],[0.1684386  0.16738013 0.16948941 0.16649283 0.16134238 0.16685663],G2,0.6667,0.4000928623850128,G2,0.6667,0.3972662513448693,G2,0.6667,0.4580287958747822,G2,0.6667,0.16676151822835295,0.3410023072173138,0.16683885902761575,[0.16676152 0.16659484 0.16659484 0.16676152 0.16664364 0.16664364],[0.13908032 0.12906051 0.13001443 0.34100231 0.13059676 0.13024567],[0.16905974 0.16712712 0.17052684 0.16683886 0.1592657  0.16718174],G2,0.6,0.4000928623850128,G2,0.6,0.39989657213630314,G2,0.6,0.4449921755529931,G1,0.6,0.1666436417085501,0.33310466266677025,0.16747924973777614,[0.16676152 0.16659484 0.16659484 0.16676152 0.16664364 0.16664364],[0.12910913 0.13077754 0.12742664 0.12775267 0.33310466 0.15182935],[0.16679921 0.16645463 0.16698414 0.16609706 0.16747925 0.16618571],G2,0.6,0.4000928623850128,G2,0.6,0.39430700170927035,G2,0.6,0.4450527325559642,G1,0.6,0.1666436417085501,0.33340457563456793,0.1670723088914427,[0.16676152 0.16659484 0.16659484 0.16676152 0.16664364 0.16664364],[0.12901742 0.13085786 0.12723016 0.12752394 0.15196605 0.33340458],[0.17140515 0.16657626 0.17567407 0.16616286 0.15310936 0.16707231],0.2998873715975809
Contour Match Similarity: x3,G2,0.53334,0.4000928623850128,G2,0.53334,0.39113971224572347,G2,0.53334,0.4220173707914119,G4,0.9334,0.16676151822835295,0.33438792452681226,0.16847688504371414,[0.16676152 0.16659484 0.16659484 0.16676152 0.16664364 0.16664364],[0.33438792 0.14138843 0.13316246 0.13550526 0.12781734 0.12773858],[0.16847689 0.160319   0.18701777 0.16150585 0.16128625 0.16139425],G2,0.0,0.4000928623850128,G2,0.0,0.3999019267567656,G1,0.6,0.4274420319518719,G3,0.9334,0.166594840063097,0.33546818481247864,0.16668586557809653,[0.16676152 0.16659484 0.16659484 0.16676152 0.16664364 0.16664364],[0.14212916 0.33546818 0.13080079 0.13201312 0.12980684 0.1297819 ],[0.16652274 0.16668587 0.16678016 0.16614618 0.16782187 0.16604318],G2,0.0,0.4000928623850128,G2,0.0,0.398260138789733,G3,0.8667,0.4045552876401711,G3,0.8667,0.166594840063097,0.32873635098734716,0.16838358611769924,[0.16676152 0.16659484 0.16659484 0.16676152 0.16664364 0.16664364],[0.13117393 0.12817601 0.32873635 0.16256164 0.12477569 0.12457637],[0.16748688 0.16777231 0.16838359 0.16669189 0.16307201 0.16659332],G2,0.6667,0.4000928623850128,G2,0.6667,0.39943853723003303,G2,0.6667,0.43924998301160734,G2,0.6667,0.16676151822835295,0.3266861730367511,0.16501727228912308,[0.16676152 0.16659484 0.16659484 0.16676152 0.16664364 0.16664364],[0.13238425 0.12830038 0.16122504 0.32668617 0.12409216 0.12731199],[0.16627028 0.16603287 0.16810802 0.16501727 0.16966865 0.1649029 ],G2,0.6,0.4000928623850128,G2,0.6,0.3996726052302315,G2,0.6,0.4452146889075237,G1,0.6,0.1666436417085501,0.33665269338582293,0.16672651406898248,[0.16676152 0.16659484 0.16659484 0.16676152 0.16664364 0.16664364],[0.12886515 0.13018889 0.1277056  0.12805893 0.33665269 0.14852874],[0.166748   0.16686393 0.16698628 0.16638908 0.16672651 0.1662862 ],G2,0.6,0.4000928623850128,G2,0.6,0.3988161015958702,G2,0.6,0.4460430905860716,G1,0.6,0.1666436417085501,0.33564095456202137,0.15950307766351934,[0.16676152 0.16659484 0.16659484 0.16676152 0.16664364 0.16664364],[0.12839871 0.1297727  0.12711842 0.13098685 0.14808237 0.33564095],[0.16342428 0.16496222 0.1699274  0.15957625 0.18260677 0.15950308],0.24434465192054433
Contour Match Similarity: x4,G2,0.53334,0.4000928623850128,G2,0.53334,0.40060275870358814,G2,0.53334,0.41635115142924417,G4,0.9334,0.16676151822835295,0.3364638579809478,0.16772248046635171,[0.16676152 0.16659484 0.16659484 0.16676152 0.16664364 0.16664364],[0.33646386 0.13318449 0.14976472 0.12817629 0.12524007 0.12717057],[0.16772248 0.16640849 0.165715   0.16577562 0.16792125 0.16645716],G2,0.0,0.4000928623850128,G2,0.0,0.4000078456264446,G3,0.9334,0.4351139254119327,G3,0.9334,0.166594840063097,0.3423756644905897,0.16661020200187354,[0.16676152 0.16659484 0.16659484 0.16676152 0.16664364 0.16664364],[0.13579592 0.34237566 0.13331081 0.12930685 0.12785169 0.13135907],[0.16705605 0.1666102  0.16645002 0.16461672 0.16860802 0.16665898],G2,0.0,0.4000928623850128,G2,0.0,0.4000235295485362,G3,0.8667,0.414450646072625,G3,0.8667,0.166594840063097,0.336913957039999,0.1665155354122942,[0.16676152 0.16659484 0.16659484 0.16676152 0.16664364 0.16664364],[0.15026529 0.13118419 0.33691396 0.12906865 0.12545775 0.12711016],[0.16460485 0.16697411 0.16651554 0.16626497 0.16861758 0.16702296],G2,0.6667,0.4000928623850128,G2,0.6667,0.40024875623883427,G2,0.6667,0.45688470272719034,G2,0.6667,0.16676151822835295,0.34548724808639836,0.16659176000736473,[0.16676152 0.16659484 0.16659484 0.16676152 0.16664364 0.16664364],[0.13161376 0.13022131 0.13208856 0.34548725 0.13039442 0.1301947 ],[0.16698157 0.16655519 0.16633135 0.16659176 0.16693618 0.16660396],G2,0.6,0.4000928623850128,G2,0.6,0.40022830334425463,G2,0.6,0.44677294234465137,G1,0.6,0.1666436417085501,0.34290110741807067,0.16703439359371214,[0.16676152 0.16659484 0.16659484 0.16676152 0.16664364 0.16664364],[0.1278168  0.12797292 0.12761243 0.12960151 0.34290111 0.14409523],[0.16724984 0.16648927 0.16637105 0.16631742 0.16703439 0.16653803],G2,0.6,0.4000928623850128,G2,0.6,0.3976630053287122,G2,0.6,0.444595586522355,G1,0.6,0.1666436417085501,0.3405299315320162,0.16911898010840168,[0.16676152 0.16659484 0.16659484 0.16676152 0.16664364 0.16664364],[0.12888954 0.13057441 0.12839915 0.12850817 0.1430988  0.34052993],[0.1645956  0.16906955 0.16813137 0.16425035 0.16483416 0.16911898],0.2998873715975809
