G1:
  P1: 0.0
  P2: 0.6
  P3: 0.0
  P4: 0.53334
  P5: 0.6
  P6: 0.6
G2:
  P1: 0.53334
  P2: 0.0
  P3: 0.0
  P4: 0.6667
  P5: 0.6
  P6: 0.6
G3:
  P1: 0.0
  P2: 0.9334
  P3: 0.8667
  P4: 0.0
  P5: 0.0
  P6: 0.0
G4:
  P1: 0.9334
  P2: 0.0
  P3: 0.0
  P4: 0.0
  P5: 0.0
  P6: 0.0