camera_params:
  fov_horizontal_rad: 70.74957348407156
  fov_vertical_rad: 43.54111545632642
  image_width: 1280
  image_height: 720
