,P1,,,,,,,,,,,,,,,,,P2,,,,,,,,,,,,,,,,,P3,,,,,,,,,,,,,,,,,P4,,,,,,,,,,,,,,,,,P5,,,,,,,,,,,,,,,,,P6,,,,,,,,,,,,,,,,,VOA
sensor conf.,init_x_star,init_score,init_exp_score,actual_x_star,actual_score,actual_exp_score,pred_x_star,pred_grasp_score,pred_exp_score,full_info_g,full_info_score,pose_prev_belief,pose_pred_belief,pose_actual_belief,init_b,pred_b,act_b,init_x_star,init_score,init_exp_score,actual_x_star,actual_score,actual_exp_score,pred_x_star,pred_grasp_score,pred_exp_score,full_info_g,full_info_score,pose_prev_belief,pose_pred_belief,pose_actual_belief,init_b,pred_b,act_b,init_x_star,init_score,init_exp_score,actual_x_star,actual_score,actual_exp_score,pred_x_star,pred_grasp_score,pred_exp_score,full_info_g,full_info_score,pose_prev_belief,pose_pred_belief,pose_actual_belief,init_b,pred_b,act_b,init_x_star,init_score,init_exp_score,actual_x_star,actual_score,actual_exp_score,pred_x_star,pred_grasp_score,pred_exp_score,full_info_g,full_info_score,pose_prev_belief,pose_pred_belief,pose_actual_belief,init_b,pred_b,act_b,init_x_star,init_score,init_exp_score,actual_x_star,actual_score,actual_exp_score,pred_x_star,pred_grasp_score,pred_exp_score,full_info_g,full_info_score,pose_prev_belief,pose_pred_belief,pose_actual_belief,init_b,pred_b,act_b,init_x_star,init_score,init_exp_score,actual_x_star,actual_score,actual_exp_score,pred_x_star,pred_grasp_score,pred_exp_score,full_info_g,full_info_score,pose_prev_belief,pose_pred_belief,pose_actual_belief,init_b,pred_b,act_b
Structure Term Similarity: x0,G1,0.86667,0.5648126641384833,G1,0.86667,0.7996068608341861,G1,0.86667,0.8238453892883036,G1,0.86667,0.23562407607900782,0.665058267930118,0.25830380923197294,[0.23562408 0.2351533  0.2351533  0.23522218 0.02942357 0.02942357],[0.66505827 0.0263379  0.19029899 0.10717633 0.00429619 0.00683232],[0.25830381 0.03681536 0.46401538 0.20949004 0.01292501 0.0184504 ],G1,0.0,0.5648126641384833,G1,0.0,0.831455015270073,G4,0.46667,0.4769973146617599,G4,0.46667,0.23515329886099365,0.658454184158862,0.029620278944412978,[0.23562408 0.2351533  0.2351533  0.23522218 0.02942357 0.02942357],[0.04845844 0.65845418 0.16751529 0.09955951 0.01215262 0.01385996],[0.23931414 0.02962028 0.53981036 0.15794776 0.01380479 0.01950268],G1,1.0,0.5648126641384833,G1,1.0,0.864433520761896,G1,1.0,0.838624078911054,G1,1.0,0.23515329886099365,0.6297572806885796,0.6554458835922479,[0.23562408 0.2351533  0.2351533  0.23522218 0.02942357 0.02942357],[0.20441393 0.09780029 0.62975728 0.05945171 0.00374567 0.00483113],[0.16521613 0.02966797 0.65544588 0.12337534 0.01174393 0.01455074],G1,0.53333,0.5648126641384833,G1,0.53333,0.8123179269758444,G1,0.53333,0.5784097082192913,G3,0.8,0.2352221837550784,0.6580236652938993,0.23993581771272435,[0.23562408 0.2351533  0.2351533  0.23522218 0.02942357 0.02942357],[0.16446379 0.08303588 0.08493012 0.65802367 0.00434579 0.00520076],[0.21272677 0.02718797 0.49998905 0.23993582 0.0091047  0.01105569],G1,0.0,0.5648126641384833,G4,1.0,0.6171155950101264,G4,1.0,0.6737699649010137,G4,1.0,0.02942357122196327,0.37689833720409555,0.20318518797009893,[0.23562408 0.2351533  0.2351533  0.23522218 0.02942357 0.02942357],[0.13361935 0.20543168 0.10845281 0.08808112 0.37689834 0.08751671],[0.18901598 0.07174546 0.28212849 0.13698191 0.20318519 0.11694296],G1,0.0,0.5648126641384833,G4,1.0,0.6157206060291348,G4,1.0,0.6016745765829603,G4,1.0,0.02942357122196327,0.2750287395210044,0.09844163295392161,[0.23562408 0.2351533  0.2351533  0.23522218 0.02942357 0.02942357],[0.19760764 0.2178758  0.13007986 0.09802363 0.08138432 0.27502874],[0.20243703 0.11254619 0.27396434 0.10751264 0.20509816 0.09844163],0.16858613242338644
Structure Term Similarity: x1,G1,0.86667,0.5648126641384833,G1,0.86667,0.7033929072846329,G1,0.86667,0.8102900359481884,G1,0.86667,0.23562407607900782,0.657671325994106,0.22291355938360835,[0.23562408 0.2351533  0.2351533  0.23522218 0.02942357 0.02942357],[0.65767133 0.04656324 0.18670161 0.10050892 0.00362221 0.0049327 ],[0.22291356 0.10660145 0.38475797 0.23520604 0.02255401 0.02796696],G1,0.0,0.5648126641384833,G1,0.0,0.7022881697964692,G4,0.46667,0.44799135262318157,G4,0.46667,0.23515329886099365,0.6126656490680703,0.15719956501571028,[0.23562408 0.2351533  0.2351533  0.23522218 0.02942357 0.02942357],[0.07594857 0.61266565 0.16668046 0.13116073 0.00628284 0.00726175],[0.43821676 0.15719957 0.24555135 0.14427747 0.00716727 0.00758759],G1,1.0,0.5648126641384833,G1,1.0,0.6964043322100263,G1,1.0,0.8174834158363632,G1,1.0,0.23515329886099365,0.6011729799056675,0.36830298650007054,[0.23562408 0.2351533  0.2351533  0.23522218 0.02942357 0.02942357],[0.19408162 0.10622936 0.60117298 0.09019879 0.00387293 0.00444432],[0.27841757 0.15183903 0.36830299 0.16276076 0.01891713 0.01976253],G1,0.53333,0.5648126641384833,G1,0.53333,0.7395520488680963,G1,0.53333,0.5719584683568055,G3,0.8,0.2352221837550784,0.6083303795535852,0.1769806866759137,[0.23562408 0.2351533  0.2351533  0.23522218 0.02942357 0.02942357],[0.14307658 0.1144699  0.12351744 0.60833038 0.00480792 0.00579777],[0.33807483 0.0890882  0.35216362 0.17698069 0.01965629 0.02403637],G1,0.0,0.5648126641384833,G4,1.0,0.5170223469733687,G4,1.0,0.6726210629943562,G4,1.0,0.02942357122196327,0.3481874825298285,0.14631085658377382,[0.23562408 0.2351533  0.2351533  0.23522218 0.02942357 0.02942357],[0.13067432 0.13896191 0.13440641 0.12184564 0.34818748 0.12592424],[0.24695396 0.18425788 0.18406752 0.15033072 0.14631086 0.08807906],G1,0.0,0.5648126641384833,G1,0.0,0.4958390089800411,G4,1.0,0.6061320465931642,G4,1.0,0.02942357122196327,0.256855818851755,0.05647428160187302,[0.23562408 0.2351533  0.2351533  0.23522218 0.02942357 0.02942357],[0.17271925 0.15589097 0.14970111 0.142611   0.12222185 0.25685582],[0.29323151 0.28249214 0.17555946 0.1240219  0.06822071 0.05647428],0.16858613242338644
Structure Term Similarity: x2,G1,0.86667,0.5648126641384833,G1,0.86667,0.7283299672733452,G1,0.86667,0.7632164009258755,G1,0.86667,0.23562407607900782,0.6422587138262615,0.2541234900541956,[0.23562408 0.2351533  0.2351533  0.23522218 0.02942357 0.02942357],[0.64225871 0.09427457 0.16050077 0.08641792 0.0064325  0.01011552],[0.25412349 0.09546308 0.39669341 0.20886758 0.01771229 0.02714015],G1,0.0,0.5648126641384833,G1,0.0,0.6755581151431705,G4,0.46667,0.4700205496600234,G4,0.46667,0.23515329886099365,0.6113356510296527,0.18263077841368547,[0.23562408 0.2351533  0.2351533  0.23522218 0.02942357 0.02942357],[0.13129077 0.61133565 0.16754822 0.06539354 0.01044575 0.01398606],[0.40567748 0.18263078 0.25594227 0.12755207 0.01222001 0.0159774 ],G1,1.0,0.5648126641384833,G1,1.0,0.7181064827584888,G1,1.0,0.8092244693319949,G1,1.0,0.23515329886099365,0.6303760930872773,0.3960327535182311,[0.23562408 0.2351533  0.2351533  0.23522218 0.02942357 0.02942357],[0.17011807 0.12751859 0.63037609 0.05889815 0.00475438 0.00833471],[0.26913073 0.12984383 0.39603275 0.16655016 0.0155404  0.02290212],G1,0.53333,0.5648126641384833,G1,0.53333,0.6946021102729658,G3,0.8,0.5900879831021656,G3,0.8,0.2352221837550784,0.6899733975483436,0.32952040110719416,[0.23562408 0.2351533  0.2351533  0.23522218 0.02942357 0.02942357],[0.13277041 0.07214275 0.08537403 0.6899734  0.00724482 0.01249459],[0.25818343 0.08145471 0.29509916 0.3295204  0.01368756 0.02205474],G1,0.0,0.5648126641384833,G1,0.0,0.5737690185717979,G4,1.0,0.5945165309278149,G4,1.0,0.02942357122196327,0.2731748991701838,0.05641330969941873,[0.23562408 0.2351533  0.2351533  0.23522218 0.02942357 0.02942357],[0.17672446 0.20607095 0.12323608 0.12955287 0.2731749  0.09124074],[0.17566425 0.10213687 0.22586334 0.36686993 0.05641331 0.0730523 ],G1,0.0,0.5648126641384833,G1,0.0,0.5792811639121458,G4,1.0,0.4999404721462791,G4,1.0,0.02942357122196327,0.1474368185619819,0.06301018314313406,[0.23562408 0.2351533  0.2351533  0.23522218 0.02942357 0.02942357],[0.21846825 0.21689811 0.16983117 0.17564042 0.07172522 0.14743682],[0.25380522 0.13676518 0.21927989 0.26256895 0.06457057 0.06301018],0.2313128321653532
Structure Term Similarity: x3,G1,0.86667,0.5648126641384833,G1,0.86667,0.7536203497417854,G1,0.86667,0.7877534787825249,G1,0.86667,0.23562407607900782,0.6693829727740147,0.3040738761147624,[0.23562408 0.2351533  0.2351533  0.23522218 0.02942357 0.02942357],[0.66938297 0.07064788 0.16307645 0.08351843 0.0050844  0.00828986],[0.30407388 0.07888005 0.38605386 0.19506644 0.0138065  0.02211927],G1,0.0,0.5648126641384833,G1,0.0,0.7360351754649402,G4,0.46667,0.4680004292828731,G4,0.46667,0.23515329886099365,0.6399663654223547,0.14390426580083415,[0.23562408 0.2351533  0.2351533  0.23522218 0.02942357 0.02942357],[0.10619787 0.63996637 0.15934886 0.07385824 0.00864229 0.01198638],[0.4464666  0.14390427 0.30273341 0.08693033 0.00768021 0.01228518],G1,1.0,0.5648126641384833,G1,1.0,0.7524834210119055,G1,1.0,0.8263414906315341,G1,1.0,0.23515329886099365,0.6451441720990256,0.33560433464533734,[0.23562408 0.2351533  0.2351533  0.23522218 0.02942357 0.02942357],[0.17311299 0.11253062 0.64514417 0.05843564 0.00410552 0.00667105],[0.39049902 0.09564761 0.33560433 0.14708585 0.01190115 0.01926203],G1,0.53333,0.5648126641384833,G1,0.53333,0.7309084974013738,G3,0.8,0.5855232788694004,G3,0.8,0.2352221837550784,0.6864648181777833,0.23965298941390317,[0.23562408 0.2351533  0.2351533  0.23522218 0.02942357 0.02942357],[0.13212869 0.07773151 0.08708718 0.68646482 0.00627972 0.01030808],[0.38331597 0.07113106 0.27088592 0.23965299 0.01353663 0.02147743],G1,0.0,0.5648126641384833,G4,1.0,0.5416864583082404,G4,1.0,0.6374905060844246,G4,1.0,0.02942357122196327,0.32909110831840904,0.17446195791165195,[0.23562408 0.2351533  0.2351533  0.23522218 0.02942357 0.02942357],[0.15519007 0.17548355 0.11804675 0.12115745 0.32909111 0.10103108],[0.19755047 0.09999949 0.16960763 0.21301891 0.17446196 0.14536154],G1,0.0,0.5648126641384833,G4,1.0,0.5921190421962124,G4,1.0,0.5239937018098405,G4,1.0,0.02942357122196327,0.1740381070735392,0.15033708166317353,[0.23562408 0.2351533  0.2351533  0.23522218 0.02942357 0.02942357],[0.21150153 0.20344062 0.16033275 0.16623754 0.08444946 0.17403811],[0.22152188 0.13071797 0.14053727 0.13284018 0.22404561 0.15033708],0.2313128321653532
Structure Term Similarity: x4,G1,0.86667,0.5648126641384833,G1,0.86667,0.5548176213340414,G1,0.86667,0.8063262488172851,G1,0.86667,0.23562407607900782,0.6551193842505421,0.35807026905326805,[0.23562408 0.2351533  0.2351533  0.23522218 0.02942357 0.02942357],[0.65511938 0.03574008 0.18295804 0.10424295 0.00732706 0.01461248],[0.35807027 0.33732294 0.20420021 0.07554169 0.01278786 0.01207703],G1,0.0,0.5648126641384833,G4,0.46667,0.5285449025185291,G4,0.46667,0.5092474809802328,G4,0.46667,0.23515329886099365,0.6003801785876712,0.37689989456134076,[0.23562408 0.2351533  0.2351533  0.23522218 0.02942357 0.02942357],[0.04942354 0.60038018 0.20940876 0.08913117 0.02361965 0.0280367 ],[0.17173759 0.37689989 0.30192549 0.07266791 0.04295546 0.03381366],G1,1.0,0.5648126641384833,G4,0.8,0.4784974387934472,G1,1.0,0.7660085289487372,G1,1.0,0.23515329886099365,0.5594260868128134,0.21927267745091678,[0.23562408 0.2351533  0.2351533  0.23522218 0.02942357 0.02942357],[0.18416496 0.15243057 0.55942609 0.08807342 0.00703206 0.00887291],[0.19897625 0.45552181 0.21927268 0.07552358 0.02948506 0.02122063],G1,0.53333,0.5648126641384833,G1,0.53333,0.5958641883294451,G3,0.8,0.6099907671767537,G3,0.8,0.2352221837550784,0.7261708603457429,0.1057474743627258,[0.23562408 0.2351533  0.2351533  0.23522218 0.02942357 0.02942357],[0.10759578 0.0665273  0.09031043 0.72617086 0.00395148 0.00544414],[0.29047753 0.26580101 0.28771773 0.10574747 0.02494154 0.02531472],G1,0.0,0.5648126641384833,G1,0.0,0.5393702478763722,G4,1.0,0.5960607163943744,G4,1.0,0.02942357122196327,0.27326958224254444,0.11127938740474053,[0.23562408 0.2351533  0.2351533  0.23522218 0.02942357 0.02942357],[0.14654375 0.34161151 0.13972181 0.07656825 0.27326958 0.02228509],[0.26361907 0.21256121 0.25036733 0.11349853 0.11127939 0.04867447],G1,0.0,0.5648126641384833,G1,0.0,0.5565140985494825,G4,1.0,0.5079104554464516,G4,1.0,0.02942357122196327,0.16558442702070783,0.03804653061063586,[0.23562408 0.2351533  0.2351533  0.23522218 0.02942357 0.02942357],[0.24341753 0.33773531 0.14683804 0.08786354 0.01856115 0.16558443],[0.27893583 0.19073787 0.24452084 0.13171571 0.11604322 0.03804653],0.2313128321653532
Structure Term Similarity: x5,G1,0.86667,0.5648126641384833,G1,0.86667,0.6378128938538972,G1,0.86667,0.8072966806025648,G1,0.86667,0.23562407607900782,0.6140444641216717,0.23783568025678437,[0.23562408 0.2351533  0.2351533  0.23522218 0.02942357 0.02942357],[0.61404446 0.0375385  0.19979517 0.14124013 0.00325688 0.00412487],[0.23783568 0.16396454 0.26976062 0.30361545 0.01221938 0.01260433],G1,0.0,0.5648126641384833,G1,0.0,0.6360064386661011,G4,0.46667,0.42806978632357806,G4,0.46667,0.23515329886099365,0.6165585037704038,0.15466093334728778,[0.23562408 0.2351533  0.2351533  0.23522218 0.02942357 0.02942357],[0.07136872 0.6165585  0.14335634 0.15733483 0.00480213 0.00657949],[0.21789257 0.15466093 0.27604784 0.32084758 0.01422782 0.01632325],G1,1.0,0.5648126641384833,G1,1.0,0.6204876894021469,G1,1.0,0.8232032022704903,G1,1.0,0.23515329886099365,0.5682411857761072,0.2765738197913693,[0.23562408 0.2351533  0.2351533  0.23522218 0.02942357 0.02942357],[0.21714723 0.08195118 0.56824119 0.12518895 0.00344916 0.00402229],[0.21198307 0.18359508 0.27657382 0.30036657 0.01297038 0.01451108],G1,0.53333,0.5648126641384833,G1,0.53333,0.6386287045988084,G1,0.53333,0.6048918558096669,G3,0.8,0.2352221837550784,0.5373914491187985,0.28808879612262145,[0.23562408 0.2351533  0.2351533  0.23522218 0.02942357 0.02942357],[0.1892078  0.11085997 0.15430415 0.53739145 0.00380188 0.00443474],[0.21697549 0.16520292 0.29693616 0.2880888  0.01548466 0.01731198],G1,0.0,0.5648126641384833,G1,0.0,0.529296291242985,G4,1.0,0.692038108243654,G4,1.0,0.02942357122196327,0.3654565297799066,0.05395108116274465,[0.23562408 0.2351533  0.2351533  0.23522218 0.02942357 0.02942357],[0.13507713 0.10475699 0.13162097 0.11770595 0.36545653 0.14538243],[0.21683812 0.22776369 0.22182202 0.22415236 0.05395108 0.05547273],G1,0.0,0.5648126641384833,G1,0.0,0.6498896723069746,G4,1.0,0.6367727644180161,G4,1.0,0.02942357122196327,0.28500735818316325,0.022959125994013684,[0.23562408 0.2351533  0.2351533  0.23522218 0.02942357 0.02942357],[0.16292201 0.1366882  0.14617511 0.13075469 0.13845264 0.28500736],[0.24102508 0.15405888 0.30586101 0.25338807 0.02270783 0.02295913],0.16858613242338644
IoU Similarity: x0,G1,0.86667,0.5648126641384833,G1,0.86667,0.6133809904812779,G1,0.86667,0.6112588186856993,G1,0.86667,0.23562407607900782,0.3194498416641736,0.25690198766044064,[0.23562408 0.2351533  0.2351533  0.23522218 0.02942357 0.02942357],[0.31944984 0.20475613 0.21874623 0.21685447 0.01996241 0.02023092],[0.25690199 0.19136015 0.25842648 0.24807393 0.02257408 0.02266337],G1,0.0,0.5648126641384833,G1,0.0,0.6131896053728851,G1,0.0,0.49009461152765965,G4,0.46667,0.23515329886099365,0.34233177356638916,0.19636298606703945,[0.23562408 0.2351533  0.2351533  0.23522218 0.02942357 0.02942357],[0.22030209 0.34233177 0.19411982 0.1969617  0.02323876 0.02304586],[0.24072679 0.19636299 0.27276493 0.24711527 0.02152485 0.02150517],G1,1.0,0.5648126641384833,G1,1.0,0.6180273097431024,G1,1.0,0.6382348568870899,G1,1.0,0.23515329886099365,0.31966757383203637,0.2827206920755712,[0.23562408 0.2351533  0.2351533  0.23522218 0.02942357 0.02942357],[0.21977266 0.18126805 0.31966757 0.24018322 0.01949419 0.01961432],[0.23565166 0.19339448 0.28272069 0.24576602 0.02117074 0.0212964 ],G1,0.53333,0.5648126641384833,G1,0.53333,0.6112495705111537,G1,0.53333,0.5997027117982708,G3,0.8,0.2352221837550784,0.3199125741933104,0.2704907526257742,[0.23562408 0.2351533  0.2351533  0.23522218 0.02942357 0.02942357],[0.21791132 0.18395495 0.24022653 0.31991257 0.01900102 0.0189936 ],[0.23125699 0.19107846 0.26656524 0.27049075 0.0202658  0.02034275],G1,0.0,0.5648126641384833,G1,0.0,0.5611718885319373,G1,0.0,0.529320022497909,G4,1.0,0.02942357122196327,0.056354954360207064,0.035872153508472095,[0.23562408 0.2351533  0.2351533  0.23522218 0.02942357 0.02942357],[0.22583486 0.24434827 0.21950785 0.2139161  0.05635495 0.04003796],[0.23534755 0.23382206 0.23526692 0.22863201 0.03587215 0.03105931],G1,0.0,0.5648126641384833,G1,0.0,0.5520568932612293,G1,0.0,0.5320485306836873,G4,1.0,0.02942357122196327,0.05622683747842064,0.03352141876081237,[0.23562408 0.2351533  0.2351533  0.23522218 0.02942357 0.02942357],[0.2283522  0.24176908 0.22035844 0.2133465  0.03994694 0.05622684],[0.23382916 0.24192948 0.23055139 0.22285035 0.03731819 0.03352142],0.0
IoU Similarity: x1,G1,0.86667,0.5648126641384833,G1,0.86667,0.593237591324054,G1,0.86667,0.6075905938918765,G1,0.86667,0.23562407607900782,0.31528129439058505,0.2387245216726844,[0.23562408 0.2351533  0.2351533  0.23522218 0.02942357 0.02942357],[0.31528129 0.21146259 0.2194927  0.21535082 0.01918942 0.01922318],[0.23872452 0.20597712 0.2486711  0.25813494 0.02419976 0.02429256],G1,0.0,0.5648126641384833,G1,0.0,0.5945366448444125,G1,0.0,0.49860700812062597,G4,0.46667,0.23515329886099365,0.3360608911068765,0.21145789556819916,[0.23562408 0.2351533  0.2351533  0.23522218 0.02942357 0.02942357],[0.22630309 0.33606089 0.19634852 0.19899197 0.0210978  0.02119772],[0.25599811 0.2114579  0.24123754 0.24643883 0.02239092 0.02247671],G1,1.0,0.5648126641384833,G1,1.0,0.5875168849641053,G1,1.0,0.6367973651891374,G1,1.0,0.23515329886099365,0.31760074804938015,0.23838628075669915,[0.23562408 0.2351533  0.2351533  0.23522218 0.02942357 0.02942357],[0.22199366 0.18556291 0.31760075 0.23775405 0.01855876 0.01852987],[0.24518022 0.21092156 0.23838628 0.25620209 0.02461636 0.02469348],G1,0.53333,0.5648126641384833,G1,0.53333,0.5901055062328086,G1,0.53333,0.5967551326428002,G3,0.8,0.2352221837550784,0.31818734223620093,0.2558812576213914,[0.23562408 0.2351533  0.2351533  0.23522218 0.02942357 0.02942357],[0.21807907 0.18829816 0.23805369 0.31818734 0.01873912 0.01864261],[0.24530526 0.20889313 0.24103764 0.25588126 0.02439743 0.02448528],G1,0.0,0.5648126641384833,G1,0.0,0.5486210326915751,G1,0.0,0.5308869453791846,G4,1.0,0.02942357122196327,0.05819589397483743,0.04137821180962103,[0.23562408 0.2351533  0.2351533  0.23522218 0.02942357 0.02942357],[0.22714572 0.23335816 0.21720568 0.21904051 0.05819589 0.04505403],[0.23273397 0.23326488 0.22534489 0.22795003 0.04137821 0.03932802],G1,0.0,0.5648126641384833,G1,0.0,0.5456501235776856,G1,0.0,0.5302730130083047,G4,1.0,0.02942357122196327,0.05819365077074773,0.040830227742124,[0.23562408 0.2351533  0.2351533  0.23522218 0.02942357 0.02942357],[0.22753654 0.23445431 0.21685915 0.21790406 0.04505229 0.05819365],[0.2355103  0.24150634 0.22313878 0.22200444 0.0370099  0.04083023],0.0
IoU Similarity: x2,G1,0.86667,0.5648126641384833,G1,0.86667,0.6000381182257128,G1,0.86667,0.5938485358790692,G1,0.86667,0.23562407607900782,0.32148922051331547,0.2372769939508967,[0.23562408 0.2351533  0.2351533  0.23522218 0.02942357 0.02942357],[0.32148922 0.22755854 0.20794515 0.20114812 0.02046676 0.02139221],[0.23727699 0.20692201 0.26214286 0.24797856 0.02272005 0.02295953],G1,0.0,0.5648126641384833,G1,0.0,0.5736963215471209,G1,0.0,0.5058874067137065,G4,0.46667,0.23515329886099365,0.32831248247506367,0.24202842816688444,[0.23562408 0.2351533  0.2351533  0.23522218 0.02942357 0.02942357],[0.23331964 0.32831248 0.20098047 0.19255583 0.02173919 0.02309239],[0.25179869 0.24202843 0.23442959 0.22695209 0.02213273 0.02265846],G1,1.0,0.5648126641384833,G1,1.0,0.5878857166178445,G1,1.0,0.6283828494184001,G1,1.0,0.23515329886099365,0.3256560416246341,0.2570333675306887,[0.23562408 0.2351533  0.2351533  0.23522218 0.02942357 0.02942357],[0.21148457 0.1993543  0.32565604 0.22395041 0.01955791 0.01999676],[0.23949063 0.2283863  0.25703337 0.23117583 0.02188181 0.02203206],G1,0.53333,0.5648126641384833,G1,0.53333,0.5877128458321441,G1,0.53333,0.5840602696518695,G3,0.8,0.2352221837550784,0.33096361179990097,0.26385921236755766,[0.23562408 0.2351533  0.2351533  0.23522218 0.02942357 0.02942357],[0.20778423 0.19399705 0.22746709 0.33096361 0.01983734 0.01995068],[0.24021098 0.2143394  0.23880516 0.26385921 0.02132819 0.02145706],G1,0.0,0.5648126641384833,G1,0.0,0.5683547954393176,G1,0.0,0.5308983027286039,G4,1.0,0.02942357122196327,0.056375555723106645,0.03185889711289357,[0.23562408 0.2351533  0.2351533  0.23522218 0.02942357 0.02942357],[0.23015586 0.23842846 0.21625474 0.21595332 0.05637556 0.04283206],[0.22455182 0.22313834 0.23953313 0.25164408 0.0318589  0.02927373],G1,0.0,0.5648126641384833,G1,0.0,0.5586340014072512,G1,0.0,0.5288566122321997,G4,1.0,0.02942357122196327,0.05466271476382281,0.031326575900721215,[0.23562408 0.2351533  0.2351533  0.23522218 0.02942357 0.02942357],[0.23325397 0.24557493 0.21438929 0.21058839 0.04153071 0.05466271],[0.23136314 0.23385276 0.23015602 0.23993117 0.03337034 0.03132658],0.0
IoU Similarity: x3,G1,0.86667,0.5648126641384833,G1,0.86667,0.5976686453390431,G1,0.86667,0.5980278925390645,G1,0.86667,0.23562407607900782,0.31911218319132945,0.2477925224668284,[0.23562408 0.2351533  0.2351533  0.23522218 0.02942357 0.02942357],[0.31911218 0.22260424 0.21149793 0.20618568 0.02005149 0.02054848],[0.24779252 0.20909782 0.25106941 0.24721071 0.02237825 0.02245129],G1,0.0,0.5648126641384833,G1,0.0,0.5712865555786274,G1,0.0,0.5040068031544624,G4,0.46667,0.23515329886099365,0.3301561990444388,0.24952162057128344,[0.23562408 0.2351533  0.2351533  0.23522218 0.02942357 0.02942357],[0.23123133 0.3301562  0.19940138 0.19538403 0.02147157 0.02235549],[0.26555903 0.24952162 0.22706615 0.21387952 0.02191263 0.02206105],G1,1.0,0.5648126641384833,G1,1.0,0.5807935109517885,G1,1.0,0.6309848217254049,G1,1.0,0.23515329886099365,0.3226770195307484,0.23754812814480586,[0.23562408 0.2351533  0.2351533  0.23522218 0.02942357 0.02942357],[0.21471775 0.19488425 0.32267702 0.22916087 0.01922282 0.01933728],[0.25151713 0.23155343 0.23754813 0.23486966 0.02228271 0.02222894],G1,0.53333,0.5648126641384833,G1,0.53333,0.5850307369341177,G1,0.53333,0.5881990744117389,G3,0.8,0.2352221837550784,0.3258736734889057,0.2501411332971019,[0.23562408 0.2351533  0.2351533  0.23522218 0.02942357 0.02942357],[0.21127454 0.19273672 0.23129557 0.32587367 0.01940504 0.01941446],[0.25535334 0.21934633 0.23031588 0.25014113 0.02245112 0.02239219],G1,0.0,0.5648126641384833,G1,0.0,0.5578415693225294,G1,0.0,0.5313058725420619,G4,1.0,0.02942357122196327,0.056964391721572055,0.037777931772198695,[0.23562408 0.2351533  0.2351533  0.23522218 0.02942357 0.02942357],[0.22953841 0.2366242  0.21675244 0.21678769 0.05696439 0.04333287],[0.2292532  0.22864486 0.23161944 0.2391301  0.03777793 0.03357447],G1,0.0,0.5648126641384833,G1,0.0,0.54605693507519,G1,0.0,0.528687451321949,G4,1.0,0.02942357122196327,0.05602176467232863,0.038944511770794346,[0.23562408 0.2351533  0.2351533  0.23522218 0.02942357 0.02942357],[0.23133514 0.24228859 0.21443493 0.21330377 0.04261581 0.05602176],[0.2319777  0.23521667 0.22357467 0.22769045 0.042596   0.03894451],0.0
IoU Similarity: x4,G1,0.86667,0.5648126641384833,G1,0.86667,0.5435989421002145,G1,0.86667,0.6047569275266045,G1,0.86667,0.23562407607900782,0.3212313909225452,0.24829334594425687,[0.23562408 0.2351533  0.2351533  0.23522218 0.02942357 0.02942357],[0.32123139 0.21718305 0.21821913 0.20275662 0.01983287 0.02077694],[0.24829335 0.27980338 0.2211712  0.20107503 0.02494581 0.02471123],G1,0.0,0.5648126641384833,G1,0.0,0.5433282373286408,G1,0.0,0.49856501724251256,G4,0.46667,0.23515329886099365,0.3374332975118323,0.26132414125585707,[0.23562408 0.2351533  0.2351533  0.23522218 0.02942357 0.02942357],[0.22905146 0.3374333  0.20090158 0.18591005 0.02349089 0.02321272],[0.23223409 0.26132414 0.22192967 0.22524186 0.03025378 0.02901645],G1,1.0,0.5648126641384833,G1,1.0,0.537218387055685,G1,1.0,0.6343286055657247,G1,1.0,0.23515329886099365,0.3245408665364065,0.2205472641619876,[0.23562408 0.2351533  0.2351533  0.23522218 0.02942357 0.02942357],[0.22135096 0.19322567 0.32454087 0.2211567  0.0200422  0.0196836 ],[0.23438288 0.27383198 0.22054726 0.21288604 0.02970846 0.02864337],G1,0.53333,0.5648126641384833,G1,0.53333,0.5427116430740566,G1,0.53333,0.5914982206464082,G3,0.8,0.2352221837550784,0.335454089649971,0.2192414621984759,[0.23562408 0.2351533  0.2351533  0.23522218 0.02942357 0.02942357],[0.21245792 0.18471136 0.22845959 0.33545409 0.01937753 0.01953952],[0.23666083 0.2652537  0.22067675 0.21924146 0.02940031 0.02876695],G1,0.0,0.5648126641384833,G1,0.0,0.5365090709083594,G1,0.0,0.5298667954554778,G4,1.0,0.02942357122196327,0.056702004132496084,0.04190827118294312,[0.23562408 0.2351533  0.2351533  0.23522218 0.02942357 0.02942357],[0.22449906 0.25212819 0.22365875 0.20932901 0.056702   0.03368298],[0.23012104 0.25851321 0.22414695 0.21173216 0.04190827 0.03357837],G1,0.0,0.5648126641384833,G1,0.0,0.5408921761939822,G1,0.0,0.5331548221571862,G4,1.0,0.02942357122196327,0.0563947093380588,0.03671489860809279,[0.23562408 0.2351533  0.2351533  0.23522218 0.02942357 0.02942357],[0.23391096 0.24779231 0.21846657 0.20993502 0.03350044 0.05639471],[0.23051828 0.25096026 0.22528646 0.21716842 0.03935168 0.0367149 ],0.0
IoU Similarity: x5,G1,0.86667,0.5648126641384833,G1,0.86667,0.5862204682059184,G1,0.86667,0.6233776355140302,G1,0.86667,0.23562407607900782,0.3146189033415281,0.24136871571856852,[0.23562408 0.2351533  0.2351533  0.23522218 0.02942357 0.02942357],[0.3146189  0.19016451 0.22810527 0.22987944 0.01856992 0.01866196],[0.24136872 0.20907347 0.24220307 0.25280852 0.02729213 0.02725409],G1,0.0,0.5648126641384833,G1,0.0,0.5895544942078624,G1,0.0,0.484464070492836,G4,0.46667,0.23515329886099365,0.3514585613361538,0.20576535970297605,[0.23562408 0.2351533  0.2351533  0.23522218 0.02942357 0.02942357],[0.21328286 0.35145856 0.19328163 0.19938234 0.02132897 0.02126564],[0.24152907 0.20576536 0.24484571 0.25384432 0.02704472 0.02697083],G1,1.0,0.5648126641384833,G1,1.0,0.5855913612536547,G1,1.0,0.6443066775307661,G1,1.0,0.23515329886099365,0.3131538020044565,0.2409450126974217,[0.23562408 0.2351533  0.2351533  0.23522218 0.02942357 0.02942357],[0.22795303 0.17221626 0.3131538  0.25048811 0.01811242 0.01807638],[0.24189092 0.2098535  0.24094501 0.25313922 0.02714565 0.02702569],G1,0.53333,0.5648126641384833,G1,0.53333,0.5849172260682508,G1,0.53333,0.6121747617815134,G3,0.8,0.2352221837550784,0.3110396269494379,0.2521118192843218,[0.23562408 0.2351533  0.2351533  0.23522218 0.02942357 0.02942357],[0.22804146 0.17634935 0.2486513  0.31103963 0.017998   0.01792025],[0.2409461  0.21011416 0.24163767 0.25211182 0.02763911 0.02755113],G1,0.0,0.5648126641384833,G1,0.0,0.5545581440837117,G1,0.0,0.5312514662071472,G4,1.0,0.02942357122196327,0.059377768457153604,0.03568001907944044,[0.23562408 0.2351533  0.2351533  0.23522218 0.02942357 0.02942357],[0.22474891 0.23016064 0.21935825 0.21958276 0.05937777 0.04677167],[0.23612827 0.23537553 0.22880942 0.22707036 0.03568002 0.0369364 ],G1,0.0,0.5648126641384833,G1,0.0,0.5596326063642337,G1,0.0,0.5317821867128958,G4,1.0,0.02942357122196327,0.059434493934472574,0.03375187466512343,[0.23562408 0.2351533  0.2351533  0.23522218 0.02942357 0.02942357],[0.22607871 0.22969642 0.219131   0.21884303 0.04681635 0.05943449],[0.2404436  0.23741669 0.23040935 0.22657266 0.03140582 0.03375187],0.0
Contour Match Similarity: x0,G1,0.86667,0.5648126641384833,G1,0.86667,0.7092354936943941,G1,0.86667,0.8657948332654397,G1,0.86667,0.23562407607900782,0.9933753472374292,0.48997896742164015,[0.23562408 0.2351533  0.2351533  0.23522218 0.02942357 0.02942357],"[9.93375347e-01 1.63769770e-03 4.83139053e-03 6.53076769e-05
 5.06909947e-05 3.95658625e-05]",[0.48997897 0.18359581 0.25386943 0.05759285 0.00791091 0.00705204],G1,0.0,0.5648126641384833,G4,0.46667,0.5815417870816415,G4,0.46667,0.4716105868334351,G4,0.46667,0.23515329886099365,0.9821143999603569,0.4896462296521864,[0.23562408 0.2351533  0.2351533  0.23522218 0.02942357 0.02942357],"[1.62562218e-03 9.82114400e-01 1.61622767e-02 6.53871513e-05
 1.67963070e-05 1.55177100e-05]","[9.04985568e-02 4.89646230e-01 4.17644953e-01 1.38735335e-03
 4.48890315e-04 3.74017414e-04]",G1,1.0,0.5648126641384833,G1,1.0,0.815219888482825,G1,1.0,0.983190707549292,G1,1.0,0.23515329886099365,0.9790117221409429,0.7226124354519657,[0.23562408 0.2351533  0.2351533  0.23522218 0.02942357 0.02942357],"[4.78061573e-03 1.61112171e-02 9.79011722e-01 6.70676256e-05
 1.55386835e-05 1.38387042e-05]",[0.09931373 0.16338204 0.72261244 0.01225362 0.00126328 0.00117489],G1,0.53333,0.5648126641384833,G3,0.8,0.7877180296003113,G3,0.8,0.7998580895752199,G3,0.8,0.2352221837550784,0.9997865187949143,0.9813748033348919,[0.23562408 0.2351533  0.2351533  0.23522218 0.02942357 0.02942357],"[6.59539648e-05 6.65247439e-05 6.84507029e-05 9.99786519e-01
 6.33201709e-06 6.21977653e-06]","[5.80278124e-03 5.80754444e-03 5.77591732e-03 9.81374803e-01
 6.22542822e-04 6.16410847e-04]",G1,0.0,0.5648126641384833,G4,1.0,0.9826782505634974,G4,1.0,0.9968736382343655,G4,1.0,0.02942357122196327,0.820994388035763,0.6405723793492666,[0.23562408 0.2351533  0.2351533  0.23522218 0.02942357 0.02942357],"[2.68661965e-03 8.96815898e-04 8.32296181e-04 3.32307987e-04
 8.20994388e-01 1.74257572e-01]",[0.01285921 0.00493228 0.01104668 0.00219452 0.64057238 0.32839494],G1,0.0,0.5648126641384833,G4,1.0,0.8289600508245725,G4,1.0,0.9974038951116057,G4,1.0,0.02942357122196327,0.8216145808953655,0.348936179457998,[0.23562408 0.2351533  0.2351533  0.23522218 0.02942357 0.02942357],"[2.09857242e-03 8.29172853e-04 7.41800389e-04 3.26664118e-04
 1.74389209e-01 8.21614581e-01]",[0.08023997 0.05550473 0.21986215 0.0332732  0.26218376 0.34893618],0.2313128321653532
Contour Match Similarity: x1,G1,0.86667,0.5648126641384833,G1,0.86667,0.5643224609111839,G1,0.86667,0.8591921867015929,G1,0.86667,0.23562407607900782,0.9575339079178754,0.26378594979515385,[0.23562408 0.2351533  0.2351533  0.23522218 0.02942357 0.02942357],"[9.57533908e-01 6.34484710e-03 2.90488734e-02 5.20130785e-04
 3.80390517e-03 2.74833565e-03]",[0.26378595 0.26325897 0.29215696 0.081657   0.06258677 0.03655435],G1,0.0,0.5648126641384833,G4,0.46667,0.4542817962439011,G4,0.46667,0.4656506083725129,G4,0.46667,0.23515329886099365,0.9784190192143737,0.8306809520950471,[0.23562408 0.2351533  0.2351533  0.23522218 0.02942357 0.02942357],"[6.50922169e-03 9.78419019e-01 8.86313402e-03 5.54917195e-03
 2.22615303e-04 4.36837822e-04]",[0.09380391 0.83068095 0.05065818 0.01751637 0.00209015 0.00525044],G1,1.0,0.5648126641384833,G1,1.0,0.5605498978187439,G1,1.0,0.9861661135499862,G1,1.0,0.23515329886099365,0.9604779731905512,0.1433795526915037,[0.23562408 0.2351533  0.2351533  0.23522218 0.02942357 0.02942357],"[2.92549742e-02 8.70061275e-03 9.60477973e-01 6.25751222e-04
 5.83604504e-04 3.57084166e-04]",[0.45793681 0.08793362 0.14337955 0.03804446 0.19133764 0.08136791],G1,0.53333,0.5648126641384833,G1,0.53333,0.7310260379379553,G3,0.8,0.7953885510958808,G3,0.8,0.2352221837550784,0.9931011056612141,0.04329168272628762,[0.23562408 0.2351533  0.2351533  0.23522218 0.02942357 0.02942357],"[5.41295775e-04 5.62914399e-03 6.46626291e-04 9.93101106e-01
 3.54566321e-05 4.63716472e-05]",[0.12152627 0.2235925  0.60261411 0.04329168 0.00589211 0.00308333],G1,0.0,0.5648126641384833,G1,0.0,0.6438871829978443,G4,1.0,0.842223389097758,G4,1.0,0.02942357122196327,0.7119914615718897,0.11386419803252835,[0.23562408 0.2351533  0.2351533  0.23522218 0.02942357 0.02942357],[0.18138396 0.01034704 0.02763232 0.00162459 0.71199146 0.06702062],[0.2748231  0.13565853 0.38011875 0.04797685 0.1138642  0.04755857],G1,0.0,0.5648126641384833,G1,0.0,0.6102077568521741,G4,1.0,0.8723662080552563,G4,1.0,0.02942357122196327,0.7499395402096863,0.03875619704822532,[0.23562408 0.2351533  0.2351533  0.23522218 0.02942357 0.02942357],[0.13803538 0.02138617 0.01780823 0.00223795 0.07059272 0.74993954],[0.34396566 0.13913811 0.28318479 0.05422205 0.1407332  0.0387562 ],0.2313128321653532
Contour Match Similarity: x2,G1,0.86667,0.5648126641384833,G4,0.2,0.6444920789429269,G1,0.86667,0.859590614723101,G1,0.86667,0.23562407607900782,0.9802074028206856,0.022699444912575296,[0.23562408 0.2351533  0.2351533  0.23522218 0.02942357 0.02942357],"[9.80207403e-01 6.67702388e-03 8.75453500e-03 2.47450907e-03
 1.19836043e-03 6.88168804e-04]",[0.02269944 0.35506157 0.57686628 0.03261012 0.00515    0.00761258],G1,0.0,0.5648126641384833,G1,0.0,0.7473636565745955,G4,0.46667,0.47856419724983856,G4,0.46667,0.23515329886099365,0.9521438998926554,0.09232977335340563,[0.23562408 0.2351533  0.2351533  0.23522218 0.02942357 0.02942357],"[6.51185496e-03 9.52143900e-01 3.87020806e-02 6.78996534e-04
 2.76127777e-04 1.68704023e-03]",[0.70751364 0.09232977 0.11766306 0.03097471 0.02478827 0.02673054],G1,1.0,0.5648126641384833,G1,1.0,0.7348091166028105,G1,1.0,0.9573113484476682,G1,1.0,0.23515329886099365,0.9495757282901568,0.3539476785893615,[0.23562408 0.2351533  0.2351533  0.23522218 0.02942357 0.02942357],"[8.51494581e-03 3.85976914e-02 9.49575728e-01 6.67451811e-04
 1.02575823e-03 1.61842451e-03]",[0.43208978 0.15601214 0.35394768 0.01196668 0.00694662 0.0390371 ],G1,0.53333,0.5648126641384833,G3,0.8,0.6293507099450996,G3,0.8,0.7970755056469123,G3,0.8,0.2352221837550784,0.9955840345327184,0.7480321612002597,[0.23562408 0.2351533  0.2351533  0.23522218 0.02942357 0.02942357],"[2.52192269e-03 7.09558958e-04 6.99381001e-04 9.95584035e-01
 3.99818261e-04 8.52845533e-05]",[0.1270243  0.05099501 0.05449472 0.74803216 0.01231579 0.00713802],G1,0.0,0.5648126641384833,G3,0.86667,0.7783388530644362,G4,1.0,0.9067760761319816,G4,1.0,0.02942357122196327,0.8318798692274506,0.004354181596086906,[0.23562408 0.2351533  0.2351533  0.23522218 0.02942357 0.02942357],[0.06521968 0.01540918 0.05739676 0.02135065 0.83187987 0.00874386],[0.019974   0.00368095 0.00538707 0.96550688 0.00435418 0.00109692],G1,0.0,0.5648126641384833,G3,0.86667,0.7707452566104382,G4,1.0,0.9036491455802335,G4,1.0,0.02942357122196327,0.7793989538619813,0.001738004222064925,[0.23562408 0.2351533  0.2351533  0.23522218 0.02942357 0.02942357],[0.03509016 0.08820517 0.08484652 0.00426696 0.00819223 0.77939895],[0.00959616 0.01641474 0.01625775 0.95467215 0.00132119 0.001738  ],0.2313128321653532
Contour Match Similarity: x3,G1,0.86667,0.5648126641384833,G3,0.0,0.7656122615816466,G1,0.86667,0.8449213332090514,G1,0.86667,0.23562407607900782,0.9596182613696005,0.021185650498060687,[0.23562408 0.2351533  0.2351533  0.23522218 0.02942357 0.02942357],"[9.59618261e-01 1.93723944e-02 1.27884680e-02 8.63455265e-04
 4.64795421e-03 2.70946673e-03]",[0.02118565 0.02047205 0.01686946 0.82964978 0.00400903 0.10781403],G1,0.0,0.5648126641384833,G3,0.13333,0.8141008818068878,G4,0.46667,0.49273162661858655,G4,0.46667,0.23515329886099365,0.9113081265684584,0.017036231387663893,[0.23562408 0.2351533  0.2351533  0.23522218 0.02942357 0.02942357],"[1.84708644e-02 9.11308127e-01 2.97385657e-02 5.16005613e-04
 3.82656253e-03 3.61398753e-02]",[0.01247381 0.01703623 0.00604229 0.37249188 0.00193005 0.59002573],G1,1.0,0.5648126641384833,G1,1.0,0.5791144856421405,G1,1.0,0.9579049953997245,G1,1.0,0.23515329886099365,0.9467392226527555,0.4052346607125489,[0.23562408 0.2351533  0.2351533  0.23522218 0.02942357 0.02942357],"[1.26674024e-02 3.08947827e-02 9.46739223e-01 3.51218056e-04
 6.78085936e-03 2.56651484e-03]",[0.19922633 0.34274229 0.40523466 0.00228066 0.02392838 0.02658768],G1,0.53333,0.5648126641384833,G3,0.8,0.7222837740050783,G3,0.8,0.8008707408888497,G3,0.8,0.2352221837550784,0.9656569446761052,0.32497738335580917,[0.23562408 0.2351533  0.2351533  0.23522218 0.02942357 0.02942357],"[8.71860456e-04 5.46459080e-04 3.58026299e-04 9.65656945e-01
 1.00265571e-04 3.24664439e-02]",[0.10395937 0.02693258 0.0175509  0.32497738 0.00538865 0.52119112],G1,0.0,0.5648126641384833,G4,1.0,0.6663260503177394,G4,1.0,0.7684161035822011,G4,1.0,0.02942357122196327,0.47295386169855835,0.3081148159566776,[0.23562408 0.2351533  0.2351533  0.23522218 0.02942357 0.02942357],[0.146903   0.12684511 0.21636376 0.00313844 0.47295386 0.03379582],[0.2124395  0.21248376 0.20249936 0.00989851 0.30811482 0.05456405],G1,0.0,0.5648126641384833,G4,1.0,0.6604136685959167,G3,0.86667,0.4925814635575708,G4,1.0,0.02942357122196327,0.16373665983855873,0.028999814028928574,[0.23562408 0.2351533  0.2351533  0.23522218 0.02942357 0.02942357],[0.02964694 0.41474267 0.02835115 0.35182247 0.01170012 0.16373666],[0.08631988 0.25563818 0.57143979 0.01990296 0.03769938 0.02899981],0.22738978741432886
Contour Match Similarity: x4,G1,0.86667,0.5648126641384833,G3,0.0,0.5427344458858195,G1,0.86667,0.8650334245384462,G1,0.86667,0.23562407607900782,0.9953233836987353,0.013030039638502923,[0.23562408 0.2351533  0.2351533  0.23522218 0.02942357 0.02942357],"[9.95323384e-01 1.80707087e-03 2.01363464e-03 7.55391491e-04
 9.44907279e-05 6.02856903e-06]","[1.30300396e-02 3.68402841e-01 8.65729093e-03 5.41915894e-01
 6.77874029e-02 2.06531328e-04]",G1,0.0,0.5648126641384833,G1,0.0,0.8138546093039407,G4,0.46667,0.4652811092344243,G4,0.46667,0.23515329886099365,0.9939030599954005,0.11098281141538656,[0.23562408 0.2351533  0.2351533  0.23522218 0.02942357 0.02942357],"[1.81172461e-03 9.93903060e-01 8.89124796e-04 3.01336713e-03
 3.76937333e-04 5.78613550e-06]",[0.06499505 0.11098281 0.6983713  0.11091455 0.01387413 0.00086217],G1,1.0,0.5648126641384833,G1,1.0,0.9236703453737517,G1,1.0,0.9985137089586068,G1,1.0,0.23515329886099365,0.9964721611751574,0.7877866126199735,[0.23562408 0.2351533  0.2351533  0.23522218 0.02942357 0.02942357],"[2.02403872e-03 8.91423060e-04 9.96472161e-01 5.38829899e-04
 6.74013805e-05 6.14577019e-06]",[0.12557235 0.02853124 0.78778661 0.05072646 0.00634529 0.00103805],G1,0.53333,0.5648126641384833,G3,0.8,0.7988171669359065,G3,0.8,0.7970250303517884,G3,0.8,0.2352221837550784,0.9956622340497249,0.9980755816583116,[0.23562408 0.2351533  0.2351533  0.23522218 0.02942357 0.02942357],"[7.58233014e-04 3.01693289e-03 5.38076651e-04 9.95662234e-01
 1.52223729e-05 9.30102081e-06]","[5.41872796e-04 5.26707374e-04 6.20794656e-04 9.98075582e-01
 1.41754244e-04 9.32892714e-05]",G1,0.0,0.5648126641384833,G4,1.0,0.9324736552401717,G4,1.0,0.9810647655537705,G4,1.0,0.02942357122196327,0.9645749499682102,0.8728788754370075,[0.23562408 0.2351533  0.2351533  0.23522218 0.02942357 0.02942357],"[5.87231751e-03 2.33653607e-02 4.16726373e-03 9.42479887e-04
 9.64574950e-01 1.07762824e-03]",[0.02236878 0.02021191 0.02319926 0.03421185 0.87287888 0.02712932],G1,0.0,0.5648126641384833,G4,1.0,0.9144162817882823,G4,1.0,0.9988185412567567,G4,1.0,0.02942357122196327,0.9971397947993558,0.5763585198458151,[0.23562408 0.2351533  0.2351533  0.23522218 0.02942357 0.02942357],"[3.87306373e-04 3.70776334e-04 3.92806423e-04 5.95306219e-04
 1.11400985e-03 9.97139795e-01]",[0.02949465 0.02751682 0.0302135  0.04126975 0.29514675 0.57635852],0.2313128321653532
Contour Match Similarity: x5,G1,0.86667,0.5648126641384833,G1,0.86667,0.8355933111949855,G1,0.86667,0.8660913567491926,G1,0.86667,0.23562407607900782,0.998395141361751,0.0044290276353416425,[0.23562408 0.2351533  0.2351533  0.23522218 0.02942357 0.02942357],"[9.98395141e-01 7.25117906e-04 7.57849879e-04 1.01981337e-04
 1.08076988e-05 9.10181767e-06]","[4.42902764e-03 1.63347775e-01 8.31250960e-01 9.44716745e-04
 1.44755154e-05 1.30453559e-05]",G1,0.0,0.5648126641384833,G1,0.0,0.5355678032692823,G4,0.46667,0.470154448598083,G4,0.46667,0.23515329886099365,0.986156067477057,0.16230006110317374,[0.23562408 0.2351533  0.2351533  0.23522218 0.02942357 0.02942357],"[7.19099522e-04 9.86156067e-01 1.22346641e-02 8.76723493e-04
