,P1,,,,,,,,,,,,,,,,,P2,,,,,,,,,,,,,,,,,P3,,,,,,,,,,,,,,,,,P4,,,,,,,,,,,,,,,,,P5,,,,,,,,,,,,,,,,,P6,,,,,,,,,,,,,,,,,VOA
sensor conf.,init_x_star,init_score,init_exp_score,actual_x_star,actual_score,actual_exp_score,pred_x_star,pred_grasp_score,pred_exp_score,full_info_g,full_info_score,pose_prev_belief,pose_pred_belief,pose_actual_belief,init_b,pred_b,act_b,init_x_star,init_score,init_exp_score,actual_x_star,actual_score,actual_exp_score,pred_x_star,pred_grasp_score,pred_exp_score,full_info_g,full_info_score,pose_prev_belief,pose_pred_belief,pose_actual_belief,init_b,pred_b,act_b,init_x_star,init_score,init_exp_score,actual_x_star,actual_score,actual_exp_score,pred_x_star,pred_grasp_score,pred_exp_score,full_info_g,full_info_score,pose_prev_belief,pose_pred_belief,pose_actual_belief,init_b,pred_b,act_b,init_x_star,init_score,init_exp_score,actual_x_star,actual_score,actual_exp_score,pred_x_star,pred_grasp_score,pred_exp_score,full_info_g,full_info_score,pose_prev_belief,pose_pred_belief,pose_actual_belief,init_b,pred_b,act_b,init_x_star,init_score,init_exp_score,actual_x_star,actual_score,actual_exp_score,pred_x_star,pred_grasp_score,pred_exp_score,full_info_g,full_info_score,pose_prev_belief,pose_pred_belief,pose_actual_belief,init_b,pred_b,act_b,init_x_star,init_score,init_exp_score,actual_x_star,actual_score,actual_exp_score,pred_x_star,pred_grasp_score,pred_exp_score,full_info_g,full_info_score,pose_prev_belief,pose_pred_belief,pose_actual_belief,init_b,pred_b,act_b
Structure Term Similarity: x0,G1,0.86667,0.5648126641384833,G1,0.86667,0.7996068608342137,G1,0.86667,0.8238453892883407,G1,0.86667,0.23562407607900782,0.665058267930203,0.2583038092318439,[0.23562408 0.2351533  0.2351533  0.23522218 0.02942357 0.02942357],[0.66505827 0.0263379  0.19029899 0.10717633 0.00429619 0.00683232],[0.25830381 0.03681536 0.46401538 0.20949004 0.01292501 0.0184504 ],G1,0.0,0.5648126641384833,G1,0.0,0.8314550152701347,G4,0.46667,0.4769973146617989,G4,0.46667,0.23515329886099365,0.6584541841586147,0.02962027894439205,[0.23562408 0.2351533  0.2351533  0.23522218 0.02942357 0.02942357],[0.04845844 0.65845418 0.16751529 0.09955951 0.01215262 0.01385996],[0.23931414 0.02962028 0.53981036 0.15794776 0.01380479 0.01950268],G1,1.0,0.5648126641384833,G1,1.0,0.8644335207618798,G1,1.0,0.8386240789111911,G1,1.0,0.23515329886099365,0.6297572806888924,0.655445883592139,[0.23562408 0.2351533  0.2351533  0.23522218 0.02942357 0.02942357],[0.20441393 0.09780029 0.62975728 0.05945171 0.00374567 0.00483113],[0.16521613 0.02966797 0.65544588 0.12337534 0.01174393 0.01455074],G1,0.53333,0.5648126641384833,G1,0.53333,0.8123179269758327,G1,0.53333,0.5784097082192681,G3,0.8,0.2352221837550784,0.6580236652940645,0.2399358177127264,[0.23562408 0.2351533  0.2351533  0.23522218 0.02942357 0.02942357],[0.16446379 0.08303588 0.08493012 0.65802367 0.00434579 0.00520076],[0.21272677 0.02718797 0.49998905 0.23993582 0.0091047  0.01105569],G1,0.0,0.5648126641384833,G4,1.0,0.6171155950100093,G4,1.0,0.6737699649010379,G4,1.0,0.02942357122196327,0.37689833720407745,0.20318518796977209,[0.23562408 0.2351533  0.2351533  0.23522218 0.02942357 0.02942357],[0.13361935 0.20543168 0.10845281 0.08808112 0.37689834 0.08751671],[0.18901598 0.07174546 0.28212849 0.13698191 0.20318519 0.11694296],G1,0.0,0.5648126641384833,G4,1.0,0.6157206060290463,G4,1.0,0.6016745765831537,G4,1.0,0.02942357122196327,0.2750287395213612,0.09844163295386679,[0.23562408 0.2351533  0.2351533  0.23522218 0.02942357 0.02942357],[0.19760764 0.2178758  0.13007986 0.09802363 0.08138432 0.27502874],[0.20243703 0.11254619 0.27396434 0.10751264 0.20509816 0.09844163],0.16858613242338644
Structure Term Similarity: x1,G1,0.86667,0.5648126641384833,G1,0.86667,0.7033929072846208,G1,0.86667,0.810290035948265,G1,0.86667,0.23562407607900782,0.6576713259944963,0.2229135593836031,[0.23562408 0.2351533  0.2351533  0.23522218 0.02942357 0.02942357],[0.65767133 0.04656324 0.18670161 0.10050892 0.00362221 0.0049327 ],[0.22291356 0.10660145 0.38475797 0.23520604 0.02255401 0.02796696],G1,0.0,0.5648126641384833,G1,0.0,0.7022881697963957,G4,0.46667,0.44799135262311107,G4,0.46667,0.23515329886099365,0.6126656490677795,0.15719956501576862,[0.23562408 0.2351533  0.2351533  0.23522218 0.02942357 0.02942357],[0.07594857 0.61266565 0.16668046 0.13116073 0.00628284 0.00726175],[0.43821676 0.15719957 0.24555135 0.14427747 0.00716727 0.00758759],G1,1.0,0.5648126641384833,G1,1.0,0.696404332210041,G1,1.0,0.8174834158362358,G1,1.0,0.23515329886099365,0.6011729799052891,0.3683029865000893,[0.23562408 0.2351533  0.2351533  0.23522218 0.02942357 0.02942357],[0.19408162 0.10622936 0.60117298 0.09019879 0.00387293 0.00444432],[0.27841757 0.15183903 0.36830299 0.16276076 0.01891713 0.01976253],G1,0.53333,0.5648126641384833,G1,0.53333,0.7395520488680583,G1,0.53333,0.5719584683567828,G3,0.8,0.2352221837550784,0.6083303795539748,0.17698068667591318,[0.23562408 0.2351533  0.2351533  0.23522218 0.02942357 0.02942357],[0.14307658 0.1144699  0.12351744 0.60833038 0.00480792 0.00579777],[0.33807483 0.0890882  0.35216362 0.17698069 0.01965629 0.02403637],G1,0.0,0.5648126641384833,G4,1.0,0.5170223469733444,G4,1.0,0.6726210629944727,G4,1.0,0.02942357122196327,0.3481874825302136,0.1463108565836539,[0.23562408 0.2351533  0.2351533  0.23522218 0.02942357 0.02942357],[0.13067432 0.13896191 0.13440641 0.12184564 0.34818748 0.12592424],[0.24695396 0.18425788 0.18406752 0.15033072 0.14631086 0.08807906],G1,0.0,0.5648126641384833,G1,0.0,0.4958390089801037,G4,1.0,0.6061320465931954,G4,1.0,0.02942357122196327,0.25685581885182374,0.05647428160184331,[0.23562408 0.2351533  0.2351533  0.23522218 0.02942357 0.02942357],[0.17271925 0.15589097 0.14970111 0.142611   0.12222185 0.25685582],[0.29323151 0.28249214 0.17555946 0.1240219  0.06822071 0.05647428],0.16858613242338644
Structure Term Similarity: x2,G1,0.86667,0.5648126641384833,G1,0.86667,0.7283299672733029,G1,0.86667,0.7632164009260141,G1,0.86667,0.23562407607900782,0.6422587138265546,0.2541234900542968,[0.23562408 0.2351533  0.2351533  0.23522218 0.02942357 0.02942357],[0.64225871 0.09427457 0.16050077 0.08641792 0.0064325  0.01011552],[0.25412349 0.09546308 0.39669341 0.20886758 0.01771229 0.02714015],G1,0.0,0.5648126641384833,G1,0.0,0.6755581151432694,G4,0.46667,0.4700205496600488,G4,0.46667,0.23515329886099365,0.6113356510296895,0.18263077841363173,[0.23562408 0.2351533  0.2351533  0.23522218 0.02942357 0.02942357],[0.13129077 0.61133565 0.16754822 0.06539354 0.01044575 0.01398606],[0.40567748 0.18263078 0.25594227 0.12755207 0.01222001 0.0159774 ],G1,1.0,0.5648126641384833,G1,1.0,0.7181064827584637,G1,1.0,0.8092244693320042,G1,1.0,0.23515329886099365,0.6303760930871711,0.3960327535183018,[0.23562408 0.2351533  0.2351533  0.23522218 0.02942357 0.02942357],[0.17011807 0.12751859 0.63037609 0.05889815 0.00475438 0.00833471],[0.26913073 0.12984383 0.39603275 0.16655016 0.0155404  0.02290212],G1,0.53333,0.5648126641384833,G1,0.53333,0.6946021102729981,G3,0.8,0.5900879831019243,G3,0.8,0.2352221837550784,0.6899733975479935,0.32952040110712055,[0.23562408 0.2351533  0.2351533  0.23522218 0.02942357 0.02942357],[0.13277041 0.07214275 0.08537403 0.6899734  0.00724482 0.01249459],[0.25818343 0.08145471 0.29509916 0.3295204  0.01368756 0.02205474],G1,0.0,0.5648126641384833,G1,0.0,0.5737690185718367,G4,1.0,0.5945165309279467,G4,1.0,0.02942357122196327,0.27317489917054083,0.05641330969942174,[0.23562408 0.2351533  0.2351533  0.23522218 0.02942357 0.02942357],[0.17672446 0.20607095 0.12323608 0.12955287 0.2731749  0.09124074],[0.17566425 0.10213687 0.22586334 0.36686993 0.05641331 0.0730523 ],G1,0.0,0.5648126641384833,G1,0.0,0.579281163912173,G4,1.0,0.4999404721462014,G4,1.0,0.02942357122196327,0.14743681856201082,0.06301018314314008,[0.23562408 0.2351533  0.2351533  0.23522218 0.02942357 0.02942357],[0.21846825 0.21689811 0.16983117 0.17564042 0.07172522 0.14743682],[0.25380522 0.13676518 0.21927989 0.26256895 0.06457057 0.06301018],0.2313128321653532
Structure Term Similarity: x3,G1,0.86667,0.5648126641384833,G1,0.86667,0.7536203497417512,G1,0.86667,0.787753478782478,G1,0.86667,0.23562407607900782,0.6693829727741775,0.304073876114568,[0.23562408 0.2351533  0.2351533  0.23522218 0.02942357 0.02942357],[0.66938297 0.07064788 0.16307645 0.08351843 0.0050844  0.00828986],[0.30407388 0.07888005 0.38605386 0.19506644 0.0138065  0.02211927],G1,0.0,0.5648126641384833,G1,0.0,0.736035175464841,G4,0.46667,0.4680004292828713,G4,0.46667,0.23515329886099365,0.6399663654223551,0.14390426580095442,[0.23562408 0.2351533  0.2351533  0.23522218 0.02942357 0.02942357],[0.10619787 0.63996637 0.15934886 0.07385824 0.00864229 0.01198638],[0.4464666  0.14390427 0.30273341 0.08693033 0.00768021 0.01228518],G1,1.0,0.5648126641384833,G1,1.0,0.7524834210120426,G1,1.0,0.8263414906313449,G1,1.0,0.23515329886099365,0.6451441720988175,0.33560433464557704,[0.23562408 0.2351533  0.2351533  0.23522218 0.02942357 0.02942357],[0.17311299 0.11253062 0.64514417 0.05843564 0.00410552 0.00667105],[0.39049902 0.09564761 0.33560433 0.14708585 0.01190115 0.01926203],G1,0.53333,0.5648126641384833,G1,0.53333,0.7309084974014448,G3,0.8,0.5855232788693779,G3,0.8,0.2352221837550784,0.6864648181777405,0.23965298941383092,[0.23562408 0.2351533  0.2351533  0.23522218 0.02942357 0.02942357],[0.13212869 0.07773151 0.08708718 0.68646482 0.00627972 0.01030808],[0.38331597 0.07113106 0.27088592 0.23965299 0.01353663 0.02147743],G1,0.0,0.5648126641384833,G4,1.0,0.5416864583082635,G4,1.0,0.6374905060842634,G4,1.0,0.02942357122196327,0.329091108318167,0.17446195791158045,[0.23562408 0.2351533  0.2351533  0.23522218 0.02942357 0.02942357],[0.15519007 0.17548355 0.11804675 0.12115745 0.32909111 0.10103108],[0.19755047 0.09999949 0.16960763 0.21301891 0.17446196 0.14536154],G1,0.0,0.5648126641384833,G4,1.0,0.5921190421962925,G4,1.0,0.5239937018098543,G4,1.0,0.02942357122196327,0.1740381070735031,0.15033708166320858,[0.23562408 0.2351533  0.2351533  0.23522218 0.02942357 0.02942357],[0.21150153 0.20344062 0.16033275 0.16623754 0.08444946 0.17403811],[0.22152188 0.13071797 0.14053727 0.13284018 0.22404561 0.15033708],0.2313128321653532
Structure Term Similarity: x4,G1,0.86667,0.5648126641384833,G1,0.86667,0.5548176213337778,G1,0.86667,0.8063262488172842,G1,0.86667,0.23562407607900782,0.6551193842505416,0.35807026905309414,[0.23562408 0.2351533  0.2351533  0.23522218 0.02942357 0.02942357],[0.65511938 0.03574008 0.18295804 0.10424295 0.00732706 0.01461248],[0.35807027 0.33732294 0.20420021 0.07554169 0.01278786 0.01207703],G1,0.0,0.5648126641384833,G4,0.46667,0.5285449025185077,G4,0.46667,0.5092474809803391,G4,0.46667,0.23515329886099365,0.600380178587052,0.3768998945611139,[0.23562408 0.2351533  0.2351533  0.23522218 0.02942357 0.02942357],[0.04942354 0.60038018 0.20940876 0.08913117 0.02361965 0.0280367 ],[0.17173759 0.37689989 0.30192549 0.07266791 0.04295546 0.03381366],G1,1.0,0.5648126641384833,G4,0.8,0.4784974387934216,G1,1.0,0.7660085289485825,G1,1.0,0.23515329886099365,0.5594260868126867,0.21927267745083523,[0.23562408 0.2351533  0.2351533  0.23522218 0.02942357 0.02942357],[0.18416496 0.15243057 0.55942609 0.08807342 0.00703206 0.00887291],[0.19897625 0.45552181 0.21927268 0.07552358 0.02948506 0.02122063],G1,0.53333,0.5648126641384833,G1,0.53333,0.5958641883293906,G3,0.8,0.6099907671764883,G3,0.8,0.2352221837550784,0.7261708603453609,0.10574747436268217,[0.23562408 0.2351533  0.2351533  0.23522218 0.02942357 0.02942357],[0.10759578 0.0665273  0.09031043 0.72617086 0.00395148 0.00544414],[0.29047753 0.26580101 0.28771773 0.10574747 0.02494154 0.02531472],G1,0.0,0.5648126641384833,G1,0.0,0.5393702478762525,G4,1.0,0.5960607163944461,G4,1.0,0.02942357122196327,0.27326958224271364,0.11127938740486455,[0.23562408 0.2351533  0.2351533  0.23522218 0.02942357 0.02942357],[0.14654375 0.34161151 0.13972181 0.07656825 0.27326958 0.02228509],[0.26361907 0.21256121 0.25036733 0.11349853 0.11127939 0.04867447],G1,0.0,0.5648126641384833,G1,0.0,0.5565140985495266,G4,1.0,0.5079104554464441,G4,1.0,0.02942357122196327,0.165584427020704,0.038046530610681056,[0.23562408 0.2351533  0.2351533  0.23522218 0.02942357 0.02942357],[0.24341753 0.33773531 0.14683804 0.08786354 0.01856115 0.16558443],[0.27893583 0.19073787 0.24452084 0.13171571 0.11604322 0.03804653],0.2313128321653532
Structure Term Similarity: x5,G1,0.86667,0.5648126641384833,G1,0.86667,0.6378128938539216,G1,0.86667,0.8072966806025488,G1,0.86667,0.23562407607900782,0.6140444641216511,0.23783568025678642,[0.23562408 0.2351533  0.2351533  0.23522218 0.02942357 0.02942357],[0.61404446 0.0375385  0.19979517 0.14124013 0.00325688 0.00412487],[0.23783568 0.16396454 0.26976062 0.30361545 0.01221938 0.01260433],G1,0.0,0.5648126641384833,G1,0.0,0.6360064386660892,G4,0.46667,0.42806978632358517,G4,0.46667,0.23515329886099365,0.6165585037702301,0.15466093334730624,[0.23562408 0.2351533  0.2351533  0.23522218 0.02942357 0.02942357],[0.07136872 0.6165585  0.14335634 0.15733483 0.00480213 0.00657949],[0.21789257 0.15466093 0.27604784 0.32084758 0.01422782 0.01632325],G1,1.0,0.5648126641384833,G1,1.0,0.6204876894021225,G1,1.0,0.823203202270416,G1,1.0,0.23515329886099365,0.5682411857760584,0.2765738197913713,[0.23562408 0.2351533  0.2351533  0.23522218 0.02942357 0.02942357],[0.21714723 0.08195118 0.56824119 0.12518895 0.00344916 0.00402229],[0.21198307 0.18359508 0.27657382 0.30036657 0.01297038 0.01451108],G1,0.53333,0.5648126641384833,G1,0.53333,0.6386287045988048,G1,0.53333,0.6048918558096286,G3,0.8,0.2352221837550784,0.5373914491187594,0.28808879612266336,[0.23562408 0.2351533  0.2351533  0.23522218 0.02942357 0.02942357],[0.1892078  0.11085997 0.15430415 0.53739145 0.00380188 0.00443474],[0.21697549 0.16520292 0.29693616 0.2880888  0.01548466 0.01731198],G1,0.0,0.5648126641384833,G1,0.0,0.5292962912429922,G4,1.0,0.6920381082437185,G4,1.0,0.02942357122196327,0.3654565297799599,0.05395108116274598,[0.23562408 0.2351533  0.2351533  0.23522218 0.02942357 0.02942357],[0.13507713 0.10475699 0.13162097 0.11770595 0.36545653 0.14538243],[0.21683812 0.22776369 0.22182202 0.22415236 0.05395108 0.05547273],G1,0.0,0.5648126641384833,G1,0.0,0.6498896723069708,G4,1.0,0.6367727644182228,G4,1.0,0.02942357122196327,0.28500735818356177,0.022959125994023357,[0.23562408 0.2351533  0.2351533  0.23522218 0.02942357 0.02942357],[0.16292201 0.1366882  0.14617511 0.13075469 0.13845264 0.28500736],[0.24102508 0.15405888 0.30586101 0.25338807 0.02270783 0.02295913],0.16858613242338644
IoU Similarity: x0,G1,0.86667,0.5648126641384833,G1,0.86667,0.6133809904812779,G1,0.86667,0.6112588186856993,G1,0.86667,0.23562407607900782,0.3194498416641736,0.25690198766044064,[0.23562408 0.2351533  0.2351533  0.23522218 0.02942357 0.02942357],[0.31944984 0.20475613 0.21874623 0.21685447 0.01996241 0.02023092],[0.25690199 0.19136015 0.25842648 0.24807393 0.02257408 0.02266337],G1,0.0,0.5648126641384833,G1,0.0,0.6131896053728851,G1,0.0,0.49009461152765965,G4,0.46667,0.23515329886099365,0.34233177356638916,0.19636298606703945,[0.23562408 0.2351533  0.2351533  0.23522218 0.02942357 0.02942357],[0.22030209 0.34233177 0.19411982 0.1969617  0.02323876 0.02304586],[0.24072679 0.19636299 0.27276493 0.24711527 0.02152485 0.02150517],G1,1.0,0.5648126641384833,G1,1.0,0.6180273097431024,G1,1.0,0.6382348568870899,G1,1.0,0.23515329886099365,0.31966757383203637,0.2827206920755712,[0.23562408 0.2351533  0.2351533  0.23522218 0.02942357 0.02942357],[0.21977266 0.18126805 0.31966757 0.24018322 0.01949419 0.01961432],[0.23565166 0.19339448 0.28272069 0.24576602 0.02117074 0.0212964 ],G1,0.53333,0.5648126641384833,G1,0.53333,0.6112495705111537,G1,0.53333,0.5997027117982708,G3,0.8,0.2352221837550784,0.3199125741933104,0.2704907526257742,[0.23562408 0.2351533  0.2351533  0.23522218 0.02942357 0.02942357],[0.21791132 0.18395495 0.24022653 0.31991257 0.01900102 0.0189936 ],[0.23125699 0.19107846 0.26656524 0.27049075 0.0202658  0.02034275],G1,0.0,0.5648126641384833,G1,0.0,0.5611718885319373,G1,0.0,0.529320022497909,G4,1.0,0.02942357122196327,0.056354954360207064,0.035872153508472095,[0.23562408 0.2351533  0.2351533  0.23522218 0.02942357 0.02942357],[0.22583486 0.24434827 0.21950785 0.2139161  0.05635495 0.04003796],[0.23534755 0.23382206 0.23526692 0.22863201 0.03587215 0.03105931],G1,0.0,0.5648126641384833,G1,0.0,0.5520568932612293,G1,0.0,0.5320485306836873,G4,1.0,0.02942357122196327,0.05622683747842064,0.03352141876081237,[0.23562408 0.2351533  0.2351533  0.23522218 0.02942357 0.02942357],[0.2283522  0.24176908 0.22035844 0.2133465  0.03994694 0.05622684],[0.23382916 0.24192948 0.23055139 0.22285035 0.03731819 0.03352142],0.0
IoU Similarity: x1,G1,0.86667,0.5648126641384833,G1,0.86667,0.593237591324054,G1,0.86667,0.6075905938918765,G1,0.86667,0.23562407607900782,0.31528129439058505,0.2387245216726844,[0.23562408 0.2351533  0.2351533  0.23522218 0.02942357 0.02942357],[0.31528129 0.21146259 0.2194927  0.21535082 0.01918942 0.01922318],[0.23872452 0.20597712 0.2486711  0.25813494 0.02419976 0.02429256],G1,0.0,0.5648126641384833,G1,0.0,0.5945366448444125,G1,0.0,0.49860700812062597,G4,0.46667,0.23515329886099365,0.3360608911068765,0.21145789556819916,[0.23562408 0.2351533  0.2351533  0.23522218 0.02942357 0.02942357],[0.22630309 0.33606089 0.19634852 0.19899197 0.0210978  0.02119772],[0.25599811 0.2114579  0.24123754 0.24643883 0.02239092 0.02247671],G1,1.0,0.5648126641384833,G1,1.0,0.5875168849641053,G1,1.0,0.6367973651891374,G1,1.0,0.23515329886099365,0.31760074804938015,0.23838628075669915,[0.23562408 0.2351533  0.2351533  0.23522218 0.02942357 0.02942357],[0.22199366 0.18556291 0.31760075 0.23775405 0.01855876 0.01852987],[0.24518022 0.21092156 0.23838628 0.25620209 0.02461636 0.02469348],G1,0.53333,0.5648126641384833,G1,0.53333,0.5901055062328086,G1,0.53333,0.5967551326428002,G3,0.8,0.2352221837550784,0.31818734223620093,0.2558812576213914,[0.23562408 0.2351533  0.2351533  0.23522218 0.02942357 0.02942357],[0.21807907 0.18829816 0.23805369 0.31818734 0.01873912 0.01864261],[0.24530526 0.20889313 0.24103764 0.25588126 0.02439743 0.02448528],G1,0.0,0.5648126641384833,G1,0.0,0.5486210326915751,G1,0.0,0.5308869453791846,G4,1.0,0.02942357122196327,0.05819589397483743,0.04137821180962103,[0.23562408 0.2351533  0.2351533  0.23522218 0.02942357 0.02942357],[0.22714572 0.23335816 0.21720568 0.21904051 0.05819589 0.04505403],[0.23273397 0.23326488 0.22534489 0.22795003 0.04137821 0.03932802],G1,0.0,0.5648126641384833,G1,0.0,0.5456501235776856,G1,0.0,0.5302730130083047,G4,1.0,0.02942357122196327,0.05819365077074773,0.040830227742124,[0.23562408 0.2351533  0.2351533  0.23522218 0.02942357 0.02942357],[0.22753654 0.23445431 0.21685915 0.21790406 0.04505229 0.05819365],[0.2355103  0.24150634 0.22313878 0.22200444 0.0370099  0.04083023],0.0
IoU Similarity: x2,G1,0.86667,0.5648126641384833,G1,0.86667,0.6000381182257128,G1,0.86667,0.5938485358790692,G1,0.86667,0.23562407607900782,0.32148922051331547,0.2372769939508967,[0.23562408 0.2351533  0.2351533  0.23522218 0.02942357 0.02942357],[0.32148922 0.22755854 0.20794515 0.20114812 0.02046676 0.02139221],[0.23727699 0.20692201 0.26214286 0.24797856 0.02272005 0.02295953],G1,0.0,0.5648126641384833,G1,0.0,0.5736963215471209,G1,0.0,0.5058874067137065,G4,0.46667,0.23515329886099365,0.32831248247506367,0.24202842816688444,[0.23562408 0.2351533  0.2351533  0.23522218 0.02942357 0.02942357],[0.23331964 0.32831248 0.20098047 0.19255583 0.02173919 0.02309239],[0.25179869 0.24202843 0.23442959 0.22695209 0.02213273 0.02265846],G1,1.0,0.5648126641384833,G1,1.0,0.5878857166178445,G1,1.0,0.6283828494184001,G1,1.0,0.23515329886099365,0.3256560416246341,0.2570333675306887,[0.23562408 0.2351533  0.2351533  0.23522218 0.02942357 0.02942357],[0.21148457 0.1993543  0.32565604 0.22395041 0.01955791 0.01999676],[0.23949063 0.2283863  0.25703337 0.23117583 0.02188181 0.02203206],G1,0.53333,0.5648126641384833,G1,0.53333,0.5877128458321441,G1,0.53333,0.5840602696518695,G3,0.8,0.2352221837550784,0.33096361179990097,0.26385921236755766,[0.23562408 0.2351533  0.2351533  0.23522218 0.02942357 0.02942357],[0.20778423 0.19399705 0.22746709 0.33096361 0.01983734 0.01995068],[0.24021098 0.2143394  0.23880516 0.26385921 0.02132819 0.02145706],G1,0.0,0.5648126641384833,G1,0.0,0.5683547954393176,G1,0.0,0.5308983027286039,G4,1.0,0.02942357122196327,0.056375555723106645,0.03185889711289357,[0.23562408 0.2351533  0.2351533  0.23522218 0.02942357 0.02942357],[0.23015586 0.23842846 0.21625474 0.21595332 0.05637556 0.04283206],[0.22455182 0.22313834 0.23953313 0.25164408 0.0318589  0.02927373],G1,0.0,0.5648126641384833,G1,0.0,0.5586340014072512,G1,0.0,0.5288566122321997,G4,1.0,0.02942357122196327,0.05466271476382281,0.031326575900721215,[0.23562408 0.2351533  0.2351533  0.23522218 0.02942357 0.02942357],[0.23325397 0.24557493 0.21438929 0.21058839 0.04153071 0.05466271],[0.23136314 0.23385276 0.23015602 0.23993117 0.03337034 0.03132658],0.0
IoU Similarity: x3,G1,0.86667,0.5648126641384833,G1,0.86667,0.5976686453390431,G1,0.86667,0.5980278925390645,G1,0.86667,0.23562407607900782,0.31911218319132945,0.2477925224668284,[0.23562408 0.2351533  0.2351533  0.23522218 0.02942357 0.02942357],[0.31911218 0.22260424 0.21149793 0.20618568 0.02005149 0.02054848],[0.24779252 0.20909782 0.25106941 0.24721071 0.02237825 0.02245129],G1,0.0,0.5648126641384833,G1,0.0,0.5712865555786274,G1,0.0,0.5040068031544624,G4,0.46667,0.23515329886099365,0.3301561990444388,0.24952162057128344,[0.23562408 0.2351533  0.2351533  0.23522218 0.02942357 0.02942357],[0.23123133 0.3301562  0.19940138 0.19538403 0.02147157 0.02235549],[0.26555903 0.24952162 0.22706615 0.21387952 0.02191263 0.02206105],G1,1.0,0.5648126641384833,G1,1.0,0.5807935109517885,G1,1.0,0.6309848217254049,G1,1.0,0.23515329886099365,0.3226770195307484,0.23754812814480586,[0.23562408 0.2351533  0.2351533  0.23522218 0.02942357 0.02942357],[0.21471775 0.19488425 0.32267702 0.22916087 0.01922282 0.01933728],[0.25151713 0.23155343 0.23754813 0.23486966 0.02228271 0.02222894],G1,0.53333,0.5648126641384833,G1,0.53333,0.5850307369341177,G1,0.53333,0.5881990744117389,G3,0.8,0.2352221837550784,0.3258736734889057,0.2501411332971019,[0.23562408 0.2351533  0.2351533  0.23522218 0.02942357 0.02942357],[0.21127454 0.19273672 0.23129557 0.32587367 0.01940504 0.01941446],[0.25535334 0.21934633 0.23031588 0.25014113 0.02245112 0.02239219],G1,0.0,0.5648126641384833,G1,0.0,0.5578415693225294,G1,0.0,0.5313058725420619,G4,1.0,0.02942357122196327,0.056964391721572055,0.037777931772198695,[0.23562408 0.2351533  0.2351533  0.23522218 0.02942357 0.02942357],[0.22953841 0.2366242  0.21675244 0.21678769 0.05696439 0.04333287],[0.2292532  0.22864486 0.23161944 0.2391301  0.03777793 0.03357447],G1,0.0,0.5648126641384833,G1,0.0,0.54605693507519,G1,0.0,0.528687451321949,G4,1.0,0.02942357122196327,0.05602176467232863,0.038944511770794346,[0.23562408 0.2351533  0.2351533  0.23522218 0.02942357 0.02942357],[0.23133514 0.24228859 0.21443493 0.21330377 0.04261581 0.05602176],[0.2319777  0.23521667 0.22357467 0.22769045 0.042596   0.03894451],0.0
IoU Similarity: x4,G1,0.86667,0.5648126641384833,G1,0.86667,0.5435989421002145,G1,0.86667,0.6047569275266045,G1,0.86667,0.23562407607900782,0.3212313909225452,0.24829334594425687,[0.23562408 0.2351533  0.2351533  0.23522218 0.02942357 0.02942357],[0.32123139 0.21718305 0.21821913 0.20275662 0.01983287 0.02077694],[0.24829335 0.27980338 0.2211712  0.20107503 0.02494581 0.02471123],G1,0.0,0.5648126641384833,G1,0.0,0.5433282373286408,G1,0.0,0.49856501724251256,G4,0.46667,0.23515329886099365,0.3374332975118323,0.26132414125585707,[0.23562408 0.2351533  0.2351533  0.23522218 0.02942357 0.02942357],[0.22905146 0.3374333  0.20090158 0.18591005 0.02349089 0.02321272],[0.23223409 0.26132414 0.22192967 0.22524186 0.03025378 0.02901645],G1,1.0,0.5648126641384833,G1,1.0,0.537218387055685,G1,1.0,0.6343286055657247,G1,1.0,0.23515329886099365,0.3245408665364065,0.2205472641619876,[0.23562408 0.2351533  0.2351533  0.23522218 0.02942357 0.02942357],[0.22135096 0.19322567 0.32454087 0.2211567  0.0200422  0.0196836 ],[0.23438288 0.27383198 0.22054726 0.21288604 0.02970846 0.02864337],G1,0.53333,0.5648126641384833,G1,0.53333,0.5427116430740566,G1,0.53333,0.5914982206464082,G3,0.8,0.2352221837550784,0.335454089649971,0.2192414621984759,[0.23562408 0.2351533  0.2351533  0.23522218 0.02942357 0.02942357],[0.21245792 0.18471136 0.22845959 0.33545409 0.01937753 0.01953952],[0.23666083 0.2652537  0.22067675 0.21924146 0.02940031 0.02876695],G1,0.0,0.5648126641384833,G1,0.0,0.5365090709083594,G1,0.0,0.5298667954554778,G4,1.0,0.02942357122196327,0.056702004132496084,0.04190827118294312,[0.23562408 0.2351533  0.2351533  0.23522218 0.02942357 0.02942357],[0.22449906 0.25212819 0.22365875 0.20932901 0.056702   0.03368298],[0.23012104 0.25851321 0.22414695 0.21173216 0.04190827 0.03357837],G1,0.0,0.5648126641384833,G1,0.0,0.5408921761939822,G1,0.0,0.5331548221571862,G4,1.0,0.02942357122196327,0.0563947093380588,0.03671489860809279,[0.23562408 0.2351533  0.2351533  0.23522218 0.02942357 0.02942357],[0.23391096 0.24779231 0.21846657 0.20993502 0.03350044 0.05639471],[0.23051828 0.25096026 0.22528646 0.21716842 0.03935168 0.0367149 ],0.0
IoU Similarity: x5,G1,0.86667,0.5648126641384833,G1,0.86667,0.5862204682059184,G1,0.86667,0.6233776355140302,G1,0.86667,0.23562407607900782,0.3146189033415281,0.24136871571856852,[0.23562408 0.2351533  0.2351533  0.23522218 0.02942357 0.02942357],[0.3146189  0.19016451 0.22810527 0.22987944 0.01856992 0.01866196],[0.24136872 0.20907347 0.24220307 0.25280852 0.02729213 0.02725409],G1,0.0,0.5648126641384833,G1,0.0,0.5895544942078624,G1,0.0,0.484464070492836,G4,0.46667,0.23515329886099365,0.3514585613361538,0.20576535970297605,[0.23562408 0.2351533  0.2351533  0.23522218 0.02942357 0.02942357],[0.21328286 0.35145856 0.19328163 0.19938234 0.02132897 0.02126564],[0.24152907 0.20576536 0.24484571 0.25384432 0.02704472 0.02697083],G1,1.0,0.5648126641384833,G1,1.0,0.5855913612536547,G1,1.0,0.6443066775307661,G1,1.0,0.23515329886099365,0.3131538020044565,0.2409450126974217,[0.23562408 0.2351533  0.2351533  0.23522218 0.02942357 0.02942357],[0.22795303 0.17221626 0.3131538  0.25048811 0.01811242 0.01807638],[0.24189092 0.2098535  0.24094501 0.25313922 0.02714565 0.02702569],G1,0.53333,0.5648126641384833,G1,0.53333,0.5849172260682508,G1,0.53333,0.6121747617815134,G3,0.8,0.2352221837550784,0.3110396269494379,0.2521118192843218,[0.23562408 0.2351533  0.2351533  0.23522218 0.02942357 0.02942357],[0.22804146 0.17634935 0.2486513  0.31103963 0.017998   0.01792025],[0.2409461  0.21011416 0.24163767 0.25211182 0.02763911 0.02755113],G1,0.0,0.5648126641384833,G1,0.0,0.5545581440837117,G1,0.0,0.5312514662071472,G4,1.0,0.02942357122196327,0.059377768457153604,0.03568001907944044,[0.23562408 0.2351533  0.2351533  0.23522218 0.02942357 0.02942357],[0.22474891 0.23016064 0.21935825 0.21958276 0.05937777 0.04677167],[0.23612827 0.23537553 0.22880942 0.22707036 0.03568002 0.0369364 ],G1,0.0,0.5648126641384833,G1,0.0,0.5596326063642337,G1,0.0,0.5317821867128958,G4,1.0,0.02942357122196327,0.059434493934472574,0.03375187466512343,[0.23562408 0.2351533  0.2351533  0.23522218 0.02942357 0.02942357],[0.22607871 0.22969642 0.219131   0.21884303 0.04681635 0.05943449],[0.2404436  0.23741669 0.23040935 0.22657266 0.03140582 0.03375187],0.0
Contour Match Similarity: x0,G1,0.86667,0.5648126641384833,G1,0.86667,0.5739202423007694,G1,0.86667,0.647165791928061,G1,0.86667,0.23562407607900782,0.437365929575041,0.23616350709939066,[0.23562408 0.2351533  0.2351533  0.23522218 0.02942357 0.02942357],[0.43736593 0.17077813 0.17369067 0.17704458 0.0205695  0.02055118],[0.23616351 0.22663205 0.24102237 0.24041783 0.02789234 0.02787189],G1,0.0,0.5648126641384833,G1,0.0,0.5825042723079221,G4,0.46667,0.41985005410677134,G4,0.46667,0.23515329886099365,0.44354125722474,0.21991832952290857,[0.23562408 0.2351533  0.2351533  0.23522218 0.02942357 0.02942357],[0.17388356 0.44354126 0.1697643  0.17053638 0.02114771 0.0211268 ],[0.22599192 0.21991833 0.25708585 0.24292277 0.02706356 0.02701756],G1,1.0,0.5648126641384833,G1,1.0,0.5955704324634568,G1,1.0,0.6806861909201061,G1,1.0,0.23515329886099365,0.4266745986303902,0.2694712038700873,[0.23562408 0.2351533  0.2351533  0.23522218 0.02942357 0.02942357],[0.17012397 0.16330863 0.4266746  0.19982046 0.02005026 0.02002207],[0.2133097  0.20273101 0.2694712  0.26480812 0.0248559  0.02482407],G1,0.53333,0.5648126641384833,G1,0.53333,0.6057688283849794,G1,0.53333,0.5753131978410083,G3,0.8,0.2352221837550784,0.4250867559801107,0.2575413825030789,[0.23562408 0.2351533  0.2351533  0.23522218 0.02942357 0.02942357],[0.17266251 0.16334513 0.19896026 0.42508676 0.01998668 0.01995867],[0.20630334 0.1979847  0.28961736 0.25754138 0.02429435 0.02425886],G1,0.0,0.5648126641384833,G1,0.0,0.5616383908439517,G1,0.0,0.5357189718899208,G4,1.0,0.02942357122196327,0.07422062078638583,0.029836486951451382,[0.23562408 0.2351533  0.2351533  0.23522218 0.02942357 0.02942357],[0.22384732 0.22602955 0.22277133 0.22302493 0.07422062 0.03010625],[0.2356753  0.23782285 0.23191164 0.23526529 0.02983649 0.02948843],G1,0.0,0.5648126641384833,G1,0.0,0.5589566926925438,G1,0.0,0.535627926345895,G4,1.0,0.02942357122196327,0.07429853841857538,0.02969490737538378,[0.23562408 0.2351533  0.2351533  0.23522218 0.02942357 0.02942357],[0.22388275 0.22604311 0.22269158 0.22294616 0.03013785 0.07429854],[0.23521788 0.24058996 0.23025339 0.23408962 0.03015423 0.02969491],0.1097389899794599
Contour Match Similarity: x1,G1,0.86667,0.5648126641384833,G1,0.86667,0.5667703306535801,G1,0.86667,0.6414008845963063,G1,0.86667,0.23562407607900782,0.4316835511081141,0.23676365621867262,[0.23562408 0.2351533  0.2351533  0.23522218 0.02942357 0.02942357],[0.43168355 0.17696485 0.17249066 0.17771931 0.02059264 0.02054898],[0.23676366 0.23333969 0.2354011  0.23657637 0.0289656  0.02895359],G1,0.0,0.5648126641384833,G1,0.0,0.5653670270140395,G4,0.46667,0.41775720256085913,G4,0.46667,0.23515329886099365,0.435898872597109,0.23574295895630565,[0.23562408 0.2351533  0.2351533  0.23522218 0.02942357 0.02942357],[0.17940909 0.43589887 0.17026358 0.17218487 0.02115983 0.02108377],[0.23921952 0.23574296 0.23305046 0.23436181 0.02881478 0.02881047],G1,1.0,0.5648126641384833,G1,1.0,0.5652911662550666,G1,1.0,0.6785320097686075,G1,1.0,0.23515329886099365,0.4253037531725305,0.23371651076271802,[0.23562408 0.2351533  0.2351533  0.23522218 0.02942357 0.02942357],[0.17062257 0.16612509 0.42530375 0.19754147 0.02022956 0.02017756],[0.23815793 0.23551685 0.23371651 0.23469582 0.02895726 0.02895562],G1,0.53333,0.5648126641384833,G1,0.53333,0.5652808012557538,G1,0.53333,0.5726394871122067,G3,0.8,0.2352221837550784,0.4224412757936946,0.2347102448280273,[0.23562408 0.2351533  0.2351533  0.23522218 0.02942357 0.02942357],[0.17450916 0.16677125 0.19609703 0.42244128 0.02011599 0.0200653 ],[0.23813531 0.23553176 0.23371806 0.23471024 0.02895323 0.0289514 ],G1,0.0,0.5648126641384833,G1,0.0,0.5687988257198006,G1,0.0,0.5338473873549922,G4,1.0,0.02942357122196327,0.07300593851616141,0.03012526379644672,[0.23562408 0.2351533  0.2351533  0.23522218 0.02942357 0.02942357],[0.22333324 0.22635805 0.22179753 0.22217695 0.07300594 0.03332829],[0.23972162 0.22900336 0.23502038 0.23628693 0.03012526 0.02984245],G1,0.0,0.5648126641384833,G1,0.0,0.5662305123989122,G1,0.0,0.5338587171810999,G4,1.0,0.02942357122196327,0.07318282878009529,0.030347122159302645,[0.23562408 0.2351533  0.2351533  0.23522218 0.02942357 0.02942357],[0.2233997  0.22609087 0.22176345 0.22215411 0.03340904 0.07318283],[0.23863874 0.23155247 0.23405089 0.23504882 0.03036196 0.03034712],0.1097389899794599
Contour Match Similarity: x2,G1,0.86667,0.5648126641384833,G1,0.86667,0.5749054553715013,G1,0.86667,0.6355989915156501,G1,0.86667,0.23562407607900782,0.4272476323500773,0.23779283988902675,[0.23562408 0.2351533  0.2351533  0.23522218 0.02942357 0.02942357],[0.42724763 0.18495897 0.17253879 0.1739589  0.02066448 0.02063123],[0.23779284 0.23174431 0.24868207 0.22525541 0.02827847 0.0282469 ],G1,0.0,0.5648126641384833,G1,0.0,0.5805447849625325,G1,0.0,0.4217059724448605,G4,0.46667,0.23515329886099365,0.4338077051069613,0.22500215738363621,[0.23562408 0.2351533  0.2351533  0.23522218 0.02942357 0.02942357],[0.18855158 0.43380771 0.17061593 0.16439735 0.02131676 0.02131067],[0.27078584 0.22500216 0.2245489  0.22746501 0.02612565 0.02607243],G1,1.0,0.5648126641384833,G1,1.0,0.5754748985806089,G1,1.0,0.683169037761648,G1,1.0,0.23515329886099365,0.43933600581814397,0.23289678627993823,[0.23562408 0.2351533  0.2351533  0.23522218 0.02942357 0.02942357],[0.17813163 0.17279021 0.43933601 0.16772297 0.02103526 0.02098393],[0.25094821 0.22776575 0.23289679 0.23454301 0.02693971 0.02690653],G1,0.53333,0.5648126641384833,G1,0.53333,0.5777816946746676,G1,0.53333,0.5603458806080912,G3,0.8,0.2352221837550784,0.44158132969516056,0.24427749952615252,[0.23562408 0.2351533  0.2351533  0.23522218 0.02942357 0.02942357],[0.18040994 0.16724527 0.16848143 0.44158133 0.02116947 0.02111256],[0.23987352 0.22300617 0.23960999 0.2442775  0.02664159 0.02659123],G1,0.0,0.5648126641384833,G1,0.0,0.5668685138959757,G1,0.0,0.5341068842112977,G4,1.0,0.02942357122196327,0.07236906155904939,0.028908267081711608,[0.23562408 0.2351533  0.2351533  0.23522218 0.02942357 0.02942357],[0.22446384 0.22713722 0.2213173  0.22172671 0.07236906 0.03298587],[0.23477715 0.23323    0.23652589 0.23787956 0.02890827 0.02867912],G1,0.0,0.5648126641384833,G1,0.0,0.5654205522061363,G1,0.0,0.5337697810289697,G4,1.0,0.02942357122196327,0.07248230001374417,0.028884780752661834,[0.23562408 0.2351533  0.2351533  0.23522218 0.02942357 0.02942357],[0.22445327 0.22742757 0.22112273 0.22147664 0.03303748 0.0724823 ],[0.24029663 0.23938464 0.23700096 0.22530461 0.02912838 0.02888478],0.0
Contour Match Similarity: x3,G1,0.86667,0.5648126641384833,G1,0.86667,0.5654429984873363,G1,0.86667,0.6379635259741467,G1,0.86667,0.23562407607900782,0.4309824362557606,0.2418974252902184,[0.23562408 0.2351533  0.2351533  0.23522218 0.02942357 0.02942357],[0.43098244 0.18204911 0.17145751 0.17435073 0.02058646 0.02057377],[0.24189743 0.23439718 0.23543311 0.22568512 0.02839114 0.03419602],G1,0.0,0.5648126641384833,G1,0.0,0.5685048921493739,G1,0.0,0.4197782400358553,G4,0.46667,0.23515329886099365,0.43402048052871617,0.23699466521308896,[0.23562408 0.2351533  0.2351533  0.23522218 0.02942357 0.02942357],[0.18406719 0.43402048 0.16922685 0.1706746  0.02100746 0.02100343],[0.26257137 0.23699467 0.22147853 0.22399572 0.02696179 0.02799792],G1,1.0,0.5648126641384833,G1,1.0,0.5658612414164972,G1,1.0,0.6768161619884201,G1,1.0,0.23515329886099365,0.4204567532914318,0.22944168940819645,[0.23562408 0.2351533  0.2351533  0.23522218 0.02942357 0.02942357],[0.1679405  0.16393828 0.42045675 0.20777083 0.01996276 0.01993088],[0.24604696 0.23739829 0.22944169 0.23096026 0.02806579 0.02808702],G1,0.53333,0.5648126641384833,G1,0.53333,0.5675113509941059,G1,0.53333,0.5771966009023134,G3,0.8,0.2352221837550784,0.41856182363072925,0.22959290719004213,[0.23562408 0.2351533  0.2351533  0.23522218 0.02942357 0.02942357],[0.16990516 0.16449923 0.20671332 0.41856182 0.01990203 0.02041843],[0.25115331 0.23488394 0.22739553 0.22959291 0.0276145  0.02935981],G1,0.0,0.5648126641384833,G1,0.0,0.5616938223852167,G1,0.0,0.5347087073538911,G4,1.0,0.02942357122196327,0.07316746089653306,0.02974441955809048,[0.23562408 0.2351533  0.2351533  0.23522218 0.02942357 0.02942357],[0.2241241  0.22620005 0.2218854  0.22234204 0.07316746 0.03228096],[0.23552413 0.23865835 0.23286101 0.2338348  0.02974442 0.02937729],G1,0.0,0.5648126641384833,G1,0.0,0.5587525072253131,G1,0.0,0.5345142455990468,G4,1.0,0.02942357122196327,0.07278655871426035,0.030046168461286434,[0.23562408 0.2351533  0.2351533  0.23522218 0.02942357 0.02942357],[0.22281995 0.22497925 0.2203777  0.22692364 0.0321129  0.07278656],[0.23527913 0.24105236 0.231116   0.23198986 0.03051649 0.03004617],0.0
Contour Match Similarity: x4,G1,0.86667,0.5648126641384833,G1,0.86667,0.5432679948582753,G1,0.86667,0.6543053971225632,G1,0.86667,0.23562407607900782,0.43212289537432186,0.2324748669114452,[0.23562408 0.2351533  0.2351533  0.23522218 0.02942357 0.02942357],[0.4321229  0.17087881 0.19215163 0.16433693 0.02009995 0.02040978],[0.23247487 0.27017334 0.22598968 0.21712509 0.02680285 0.02743417],G1,0.0,0.5648126641384833,G1,0.0,0.5639509336557251,G4,0.46667,0.42163900701598317,G4,0.46667,0.23515329886099365,0.44277030352796,0.23747604710583825,[0.23562408 0.2351533  0.2351533  0.23522218 0.02942357 0.02942357],[0.17579099 0.4427703  0.17240147 0.16710522 0.02068232 0.0212497 ],[0.23619202 0.23747605 0.23497657 0.23301489 0.02885552 0.02948496],G1,1.0,0.5648126641384833,G1,1.0,0.5615241934067772,G1,1.0,0.688066813970379,G1,1.0,0.23515329886099365,0.4324485326342622,0.23404831579885157,[0.23562408 0.2351533  0.2351533  0.23522218 0.02942357 0.02942357],[0.19306716 0.16838248 0.43244853 0.16554997 0.02014327 0.02040858],[0.23597173 0.24128184 0.23404832 0.23056318 0.02859568 0.02953925],G1,0.53333,0.5648126641384833,G1,0.53333,0.5628097184049856,G1,0.53333,0.5575846899973811,G3,0.8,0.2352221837550784,0.44726682175638954,0.23488561417004847,[0.23562408 0.2351533  0.2351533  0.23522218 0.02942357 0.02942357],[0.17067792 0.16870339 0.17112244 0.44726682 0.02113089 0.02109853],[0.23515185 0.23717461 0.23373912 0.23488561 0.02968456 0.02936425],G1,0.0,0.5648126641384833,G1,0.0,0.5611643984662158,G1,0.0,0.5358754718583938,G4,1.0,0.02942357122196327,0.07473193537052668,0.03189222220877547,[0.23562408 0.2351533  0.2351533  0.23522218 0.02942357 0.02942357],[0.22291664 0.22296583 0.22233776 0.2256437  0.07473194 0.03140414],[0.2343676  0.2358269  0.23344071 0.23363456 0.03189222 0.03083801],G1,0.0,0.5648126641384833,G1,0.0,0.5618881893281525,G1,0.0,0.535103750306527,G4,1.0,0.02942357122196327,0.0738358942713557,0.03078440245402314,[0.23562408 0.2351533  0.2351533  0.23522218 0.02942357 0.02942357],[0.22363878 0.22633577 0.22256521 0.22259674 0.0310276  0.07383589],[0.23463834 0.23581504 0.23377633 0.23392243 0.03106346 0.0307844 ],0.1097389899794599
